0.5888
0.7693
0.4763
1.9397
0.8011
1.0987
1.9436
3.1003
3.1404
2.7597
3.0663
2.0764
3.4641
2.4906
4.1097
3.8067
4.4500
3.8311
3.5916
3.4639
2.1552
2.1269
2.6268
1.6411
1.6760
0.9328
0.7673
0.0763
0.7940
0.1154
-0.5287
-1.2606
-0.6165
-0.6053
-1.7626
-2.2468
-2.8002
-2.3622
-2.3411
-3.4517
-3.3401
-3.4169
-3.3304
-2.8539
-3.2745
-3.0499
-3.3809
-3.9244
-3.5095
-2.5251
-2.3430
-2.4176
-1.7730
-1.8475
-1.9216
-1.0758
-0.7683
-0.4043
-0.5905
0.2290
0.6496
1.5028
0.7813
2.0955
2.1955
1.6383
2.7440
3.1492
2.9661
3.4667
3.7368
3.4954
3.4440
3.6527
3.9786
3.1394
3.3434
2.2035
2.8473
3.6897
2.0244
1.9418
2.1928
1.3211
0.3617
0.9774
-0.4071
0.2816
-0.1492
-0.4850
-1.0508
-1.9155
-2.0507
-2.5316
-2.0484
-3.3596
-3.1316
-3.0551
-3.2067
-3.2720
-3.9676
-4.4290
-2.7350
-3.6318
-3.6822
-2.6507
-3.7461
-2.8843
-2.5179
-2.1473
-1.8674
-1.6567
-1.4419
-0.7366
-1.1215
0.1860
0.2262
1.1846
0.0914
1.2047
0.9560
1.1556
1.9646
2.0695
2.4744
2.8674
3.6408
3.2166
3.3163
3.1634
3.9744
3.6453
2.8354
2.4244
3.6623
2.3670
2.5586
2.0693
2.8334
1.5696
0.9936
1.1722
0.4795
0.1922
0.1735
-0.2407
-0.2484
-1.6060
-0.9472
-1.6543
-1.3948
-2.7729
-2.1015
-2.7905
-3.2394
-3.4258
-2.9932
-3.0529
-2.5522
-3.6530
-3.3452
-4.4727
-3.5523
-3.3167
-2.4943
-2.4269
-3.3576
-3.3789
-0.9611
-1.8263
-1.2923
-0.9648
0.0912
-0.9806
0.1107
0.2748
-0.1550
2.1233
1.5046
1.7488
2.3694
3.2718
2.0693
3.1995
3.5970
3.6616
3.8094
3.7290
3.5581
3.0167
2.8626
3.2129
3.7130
2.8386
3.5779
3.1882
2.1541
2.1278
2.2370
1.4149
1.0574
1.0214
0.6118
-0.1766
-0.5752
-1.1686
-1.2104
-1.8651
-1.3607
-2.6536
-3.4508
-2.0914
-3.0106
-3.6725
-3.0726
-2.6999
-3.8985
-5.2261
-2.8906
-4.6997
-3.3471
-3.0928
-3.1680
-2.7107
-2.8855
-1.9178
-2.3748
-1.4072
-2.0325
-0.4353
-0.6852
0.0085
-0.1596
0.9737
1.8044
1.0627
1.3619
2.4357
2.5592
1.6875
2.9039
3.7847
4.1689
3.6389
3.0452
4.0838
3.1654
3.8226
3.7163
3.7044
3.2234
2.5950
2.4557
1.6536
1.5346
2.3009
1.1285
1.1861
1.6991
0.0014
-0.3070
-0.3462
-0.2269
-1.3207
-0.8023
-1.0949
-2.2107
-1.7222
-1.1357
-2.5315
-3.3084
-2.9065
-3.2876
-3.2148
-3.6500
-3.1299
-4.0019
-4.0754
-3.6509
-2.7576
-2.4732
-2.6277
-1.8155
-2.0421
-1.2736
-0.2687
-1.1410
-1.3827
-0.8572
-0.4794
0.5094
0.4088
1.8985
1.9040
1.8326
1.9025
2.5588
2.8541
3.0640
2.7005
3.1891
2.8775
3.2786
3.3541
2.8547
4.0404
3.5687
2.9737
3.3428
2.7859
2.6780
2.9961
1.9935
1.4620
1.4229
0.9105
0.3956
0.2704
-0.6711
0.4378
-1.0468
-1.7353
-1.5037
-1.4737
-1.6416
-2.7841
-2.4173
-2.6151
-2.8108
-3.7393
-4.5012
-4.1683
-3.7213
-2.8460
-3.0075
-4.0220
-3.1432
-3.0402
-2.8233
-3.0300
-2.5002
-2.9854
-2.2573
-0.9569
-0.7273
-0.8575
0.3723
0.2108
0.7642
0.5216
1.2695
2.0296
1.7178
2.6169
3.0593
3.4746
2.6034
1.9151
3.6412
3.2487
3.3359
3.6744
3.3316
4.2536
2.7954
3.4889
2.4799
3.1380
2.4281
2.0947
2.2915
1.2583
1.1941
1.5550
0.9200
0.0260
-0.3865
-0.4927
-0.4346
-1.5898
-1.7553
-1.8607
-1.4979
-2.3175
-1.9423
-3.0429
-1.8784
-2.2318
-2.8597
-3.0978
-3.5770
-3.3674
-3.5918
-3.4012
-3.4553
-3.1232
-2.5075
-3.1942
-2.2807
-2.4199
-1.9524
-1.2915
-2.3417
-1.0553
-0.7154
-0.2630
0.5765
0.3474
1.1632
1.2795
1.5999
1.7269
2.8401
3.1227
2.5086
3.0367
2.8789
3.7838
2.8348
3.4871
3.1547
3.6534
2.7310
3.8695
2.9511
4.0752
2.5706
2.0080
1.5431
1.5543
2.5913
0.8908
0.4508
0.4184
-0.1249
-0.1781
-1.0822
-0.1432
-0.5426
-2.8741
-2.1510
-2.8633
-3.1062
-2.5775
-2.9207
-3.4641
-3.7243
-3.4113
-3.9020
-3.4411
-4.0588
-3.6603
-2.6946
-2.0920
-2.0480
-1.9895
-1.9675
-1.8560
-2.2926
-1.4795
-1.3376
-0.7024
-0.2885
-0.0619
0.4632
0.9512
1.1793
1.2265
1.6051
2.4655
2.6931
1.7937
2.9502
3.0592
3.6560
3.4654
3.2034
3.5665
3.0418
3.3282
3.9201
3.1479
2.2509
3.0965
2.3701
1.9985
2.6623
2.5952
1.5092
1.1820
1.2844
-0.1878
0.0656
-0.4237
-1.0364
-0.7343
-2.0893
-1.8638
-2.4361
-3.1222
-2.9507
-2.9205
-2.8865
-3.1052
-4.2672
-3.7750
-3.5754
-3.6502
-4.1970
-3.9751
-3.2151
-2.8820
-3.3708
-2.0840
-1.9647
-1.6253
-2.5731
-1.2655
-1.0923
-0.4472
-0.4677
1.5095
-0.5607
0.6864
0.8154
2.1365
1.2611
2.8720
2.7003
2.4604
2.5209
2.9903
2.7172
2.5342
3.3584
4.5715
3.6862
3.4591
2.9669
2.6074
2.8429
3.0691
2.7232
2.2986
2.9712
1.8569
0.6832
1.9815
1.1146
0.7218
0.8923
-0.2149
-1.4258
-2.4390
-1.8517
-1.9581
-2.6195
-2.1857
-2.1909
-3.1677
-2.6172
-3.1557
-3.0791
-3.5444
-3.6699
-3.0875
-3.5317
-3.8647
-2.7777
-3.9453
-2.1908
-2.2727
-2.9115
-2.0085
-1.1672
-1.3886
-0.6171
-1.0162
-0.8517
1.2421
0.0904
0.0149
0.6228
2.0358
2.0460
3.0281
2.5955
3.3714
3.3778
3.4163
2.5532
3.4821
3.3008
3.4581
4.1736
2.9082
3.7370
2.5879
3.2937
2.5696
3.5384
2.8954
1.9071
2.0372
1.4463
1.1810
0.7557
0.1808
0.8147
-0.4025
-0.9298
-1.8314
-2.3791
-1.1355
-2.5151
-2.7631
-2.6967
-2.9709
-2.7689
-3.1219
-3.8354
-3.3708
-4.0081
-3.6823
-3.2814
-2.9643
-3.2360
-2.7750
-2.9610
-1.5769
-2.6330
-1.0513
-1.8102
-1.4579
-1.1827
-1.0757
0.0701
0.4945
0.7482
0.6843
0.9314
1.8082
2.3224
2.3898
2.8070
3.1133
2.5368
3.3369
3.6238
3.0316
3.7865
3.2890
4.0122
4.1116
3.3620
3.6028
2.3926
1.9646
2.4531
2.3904
2.9547
2.4256
1.0049
0.6394
0.5875
0.1538
-0.1431
-0.9910
-1.5887
-0.9821
-1.9035
-2.1911
-1.5826
-3.6169
-2.9154
-2.3090
-3.3320
-3.4846
-3.4168
-3.2804
-3.3535
-3.5112
-3.2278
-3.3167
-3.2999
-2.7677
-3.1202
-2.6606
-2.2931
-1.1573
-1.9517
-1.0284
-1.5162
-0.5432
-0.2969
0.6338
1.6678
1.3146
0.6706
1.1888
1.8539
3.6956
1.9405
2.8361
2.6548
3.7463
3.3528
2.4162
2.7146
4.1379
3.8699
3.0743
3.8991
2.6600
4.0067
2.5385
2.3624
1.6040
2.1656
1.7570
0.9248
0.5624
0.4916
0.4675
-0.4913
-0.5574
-0.7803
-1.7054
-1.0399
-0.9232
-2.3904
-2.6171
-2.9767
-2.6139
-3.3728
-2.9979
-4.3036
-3.4269
-4.8490
-2.8668
-2.9875
-3.3475
-2.8291
-2.5643
-2.9742
-3.3631
-1.6906
-1.9741
-1.2862
-1.8978
-0.0323
-0.0311
0.5287
0.3341
-0.0769
0.8935
1.5221
1.3716
2.5828
1.2191
2.6683
2.4762
2.9834
3.1727
2.9921
3.2853
2.8931
2.8927
4.2836
2.9444
3.5501
3.0515
3.6734
3.2782
1.7256
2.4300
2.3622
1.4040
1.1237
0.7627
0.6869
0.4483
-0.7212
-0.8467
-0.8298
-2.0552
-2.4916
-2.4575
-2.5274
-2.8841
-3.4091
-2.6301
-2.9782
-4.3207
-3.7359
-2.6990
-3.8590
-2.9486
-4.3105
-3.1507
-3.3416
-2.4629
-2.4019
-1.6497
-1.8752
-1.7152
-0.9923
-0.7281
0.0247
-0.4535
-0.5774
0.4530
1.0300
1.7999
1.3150
2.2329
2.9585
2.8754
1.6109
3.0648
2.2344
3.5592
3.6079
3.1716
3.3950
2.7389
3.0827
3.1688
2.9534
2.0902
2.2143
2.9434
1.6893
1.2003
2.1248
1.8195
1.3978
-0.2558
0.5588
-0.1841
0.2656
-0.3596
-1.7501
-1.7545
-1.5859
-1.3086
-2.6579
-2.6315
-3.4737
-4.1313
-3.2062
-3.2518
-3.1957
-2.6157
-3.5387
-3.1785
-3.0814
-2.6013
-2.6591
-3.1792
-3.4012
-2.2924
-2.4232
-1.4068
-1.7993
-1.3957
-1.0906
-0.3608
-0.2233
0.4791
0.8621
1.6712
1.6889
2.0942
2.4405
1.9063
3.0166
2.5112
3.0102
2.3385
3.1837
3.4839
2.9270
3.7767
3.4120
3.5647
2.0561
3.3977
3.0010
2.1768
3.0427
2.0866
1.5822
1.2849
0.8978
-0.0465
0.6707
-1.0095
-0.9924
-1.0241
-0.9247
-1.6997
-1.1014
-3.3497
-2.6526
-3.0890
-3.0887
-2.6404
-3.4605
-3.1202
-3.7184
-3.9308
-3.6856
-3.5377
-3.5386
-2.6042
-3.7199
-2.0062
-3.1310
-2.1305
-1.3551
-1.4050
-1.3823
-1.4733
0.5293
-0.0065
-0.0402
0.6394
1.3672
1.2213
1.1154
3.6703
2.7525
2.0056
2.8090
2.6631
3.1068
3.3420
3.1094
3.6824
4.3127
3.2258
2.5776
4.1400
4.2297
3.4207
3.1219
3.5560
1.9111
2.2459
1.6276
1.4558
0.4224
0.0860
1.0194
-0.9365
0.0794
-0.0850
-0.4850
-1.4825
-1.5750
-2.3145
-3.1907
-2.1599
-3.0479
-2.8386
-3.3122
-3.0935
-3.6660
-3.5094
-3.6957
-3.2101
-3.5721
-2.8591
-2.2680
-2.6188
-2.2830
-2.0556
-2.6390
-1.6128
-1.4256
-1.0732
-1.5509
-0.0227
0.5430
0.8423
1.2584
0.7101
1.4700
1.7863
2.5381
2.1717
2.7190
2.0463
2.6933
3.0922
4.4423
3.3976
3.1987
2.9005
1.7333
3.6667
2.6692
2.9969
2.3705
2.4880
2.0166
2.1806
2.8753
1.0514
0.5586
0.8934
-0.6020
0.6857
-0.3148
-1.2259
-1.1033
-2.1912
-2.0623
-2.2989
-3.4052
-2.7423
-3.0308
-2.7107
-3.7168
-2.9493
-3.0956
-3.2357
-2.4307
-3.1234
-3.0986
-2.6360
-2.9384
-2.3303
-2.7105
-2.3646
-1.4561
-1.9193
-1.0021
-1.5963
-1.3553
-0.0622
-0.0612
-0.0866
0.6310
0.5662
1.9796
1.2812
2.1432
2.8322
2.8216
2.6381
2.7163
4.5210
2.9805
2.9721
3.8276
2.1921
3.4547
3.3061
2.2656
3.0949
2.4394
2.0306
1.9626
2.2506
1.9916
1.7125
1.0754
0.5459
-0.0465
-0.4020
-1.1098
-1.0986
-1.5187
-1.6541
-1.6642
-2.5221
-2.1383
-2.5661
-3.2514
-3.6861
-2.8584
-4.0017
-4.1549
-4.0224
-3.3477
-3.4033
-3.3819
-2.5629
-2.4760
-2.8702
-3.1469
-2.4382
-2.2744
-1.5089
-1.6609
-0.6895
-0.1022
-1.2242
0.4326
0.6989
1.2441
1.1501
1.6207
2.0283
2.7871
2.8825
2.5656
3.0198
3.8414
2.3051
3.2271
3.3088
3.3628
4.2262
2.7534
4.0461
3.8121
1.9218
2.8588
2.4204
2.9657
2.2654
1.5878
0.5554
0.6332
0.2431
0.4606
-0.9451
-0.5604
-0.6821
-1.3548
-1.1419
-2.7121
-2.8469
-3.0322
-2.8191
-3.3435
-3.5368
-4.2258
-3.4208
-3.1193
-3.7291
-3.2853
-3.3557
-3.6439
-2.5679
-3.7597
-2.9054
-2.7943
-2.0302
-1.3020
-2.1825
-1.2207
-0.6200
-0.8852
0.2874
0.8834
0.3621
0.9948
1.8965
0.6425
1.8898
2.8750
1.9939
3.1625
2.6326
2.8359
3.6317
3.8021
3.7081
3.5201
2.9308
4.1882
3.8123
3.1591
3.9419
3.5735
2.3447
2.0274
2.1170
2.4954
1.6237
0.8666
0.4753
-0.3572
-0.1415
-0.1860
-1.5798
-0.4960
-1.2980
-1.0631
-2.7965
-2.9569
-3.0306
-1.7592
-3.9907
-3.3527
-2.6181
-2.4511
-3.2327
-3.7169
-2.3584
-3.1571
-4.1622
-2.6988
-2.9088
-2.5507
-1.4543
-2.5662
-1.1153
-1.2469
-1.1872
-0.4509
-0.5588
0.8123
0.9654
1.0255
1.0631
2.1154
2.3899
1.7994
3.2082
3.8664
3.4778
3.7498
3.9876
4.4544
2.5858
3.4225
3.4386
2.9386
3.4120
3.4210
2.5946
3.7286
1.9385
2.3669
2.3776
1.1097
0.1416
0.5255
0.9063
-0.6274
-1.4892
0.0661
-1.4066
-1.2520
-1.5595
-3.5281
-2.6805
-2.2337
-3.2101
-3.2795
-3.0243
-3.0672
-4.1285
-3.3725
-3.5841
-3.4128
-2.9968
-3.4360
-2.7763
-2.3435
-3.0068
-2.7632
-1.8930
-1.5436
-2.4994
-1.3888
-0.7795
-1.1077
0.2179
-0.1171
0.5531
0.7092
1.4329
1.5615
1.4990
1.9931
3.0257
2.4559
2.7877
3.2710
3.8864
3.2479
3.6664
3.6763
3.6645
3.8514
3.9595
3.1298
2.9381
2.7099
2.9108
2.1719
1.4303
1.1000
0.7540
1.2044
0.4524
0.4450
-0.5945
-1.2780
-1.3671
-0.9229
-1.5880
-1.9398
-2.7960
-2.7408
-2.7780
-3.5561
-2.7568
-4.1822
-3.1820
-3.6973
-3.9734
-3.0859
-3.2636
-3.1217
-4.2910
-2.9338
-2.8622
-2.5630
-2.6343
-0.9673
-0.8178
-1.9296
-0.6206
-0.0093
0.5898
0.0999
0.6061
1.8944
1.7689
1.9085
1.9728
2.8503
2.6135
4.2482
2.1536
3.1235
3.1305
4.4359
3.5163
3.8364
3.9618
2.6687
2.8695
2.7075
3.3331
2.5508
2.6489
2.4999
1.0074
0.7304
1.0239
1.2736
-0.4256
-0.8556
0.5711
-0.2274
-1.0609
-1.1868
-1.7496
-2.2561
-2.6092
-1.8487
-3.5596
-2.9595
-1.9702
-3.2754
-3.0044
-3.3115
-3.8281
-3.1666
-3.3839
-3.2348
-3.0191
-2.5405
-3.2167
-2.2068
-2.6795
-2.2207
-1.1544
-1.6219
-1.0358
-0.0701
0.4453
0.6579
0.9814
0.6194
1.3162
2.3507
1.4396
2.2091
2.8166
3.3797
2.9506
3.1367
3.8122
3.7620
3.6798
2.6314
2.9309
3.1707
3.4773
3.2171
2.4218
3.0696
2.2628
2.3943
1.9609
0.5272
1.0370
0.1904
1.2096
0.2051
-0.4734
0.2794
-1.6954
-2.2738
-2.9466
-2.1137
-2.0369
-2.9838
-3.2316
-2.4816
-4.1616
-3.1659
-2.9176
-3.3062
-3.7417
-3.2634
-2.9673
-3.0346
-3.4624
-2.9727
-2.9090
-2.8583
-1.9157
-1.9097
-1.3544
-1.6350
-0.8778
0.0771
0.3265
1.0759
0.5850
0.8704
1.8898
2.2428
0.4670
2.6911
2.2074
3.3039
3.2536
3.3133
4.2958
3.2338
3.4493
4.1167
3.2717
3.7076
3.2146
3.6811
2.2253
2.5476
2.5675
2.9592
2.0608
1.4786
1.4428
0.7993
0.6311
-1.5768
-0.2936
-0.9558
-1.6165
-2.1416
-1.0993
-3.3077
-2.6653
-3.4627
-4.5116
-2.9108
-2.6846
-2.7266
-2.0799
-3.3532
-3.3939
-4.0949
-3.1307
-3.6935
-3.5495
-2.1314
-2.2531
-1.1588
-1.8049
-0.9363
-1.8439
-0.7781
0.0788
0.2822
-0.2136
0.8626
0.8138
0.7913
1.9145
2.3492
1.3789
2.4071
2.9505
2.9361
3.4277
3.9830
3.4057
3.6894
3.4866
3.3444
2.6463
2.4752
2.3092
3.5928
3.5167
2.2997
2.1991
1.8020
1.8979
1.7083
1.3031
-0.1190
0.5657
0.0029
-0.6872
-0.9320
-1.4056
-1.4450
-2.0525
-2.4082
-2.1919
-2.9162
-2.7024
-2.7403
-2.9445
-3.2906
-3.1012
-3.0135
-3.4010
-2.6909
-2.8891
-2.8170
-3.6576
-2.6997
-2.9134
-3.1304
-2.6119
-1.8322
-0.9855
-0.9233
-0.7342
0.2439
1.3509
0.0740
0.8079
1.0821
2.2850
2.0833
2.0340
2.2024
1.8025
3.4932
3.6836
2.3335
3.9022
3.7914
4.6529
3.6044
3.0368
2.1465
2.6087
3.3540
1.7745
3.1205
2.2272
3.1986
2.0211
1.7939
1.5774
0.7056
-0.1904
-0.0643
-0.4627
-0.7293
-1.1175
-1.5413
-2.4453
-1.8352
-3.0894
-2.4114
-2.4430
-4.0020
-4.1961
-3.1536
-3.6674
-3.2424
-3.2800
-3.4858
-3.0175
-2.7443
-3.1231
-2.3292
-2.5258
-3.5344
-1.6882
-1.7716
-1.2704
-1.0622
-0.7104
-0.7994
0.1547
1.1370
0.3528
2.4820
1.8600
2.3449
1.9531
2.4031
2.8366
2.5900
3.1426
3.2334
3.9627
2.7344
4.0644
3.2949
4.4507
3.0221
3.5589
3.2106
3.0847
2.9264
1.9292
1.5863
2.1267
0.5042
0.5295
-0.2645
-0.4914
-0.2551
-1.1840
-0.7495
-1.6937
-2.2066
-2.0877
-1.5657
-2.8223
-1.8932
-3.3506
-3.6714
-3.6617
-3.5246
-4.0843
-2.8211
-3.3685
-3.0554
-3.8713
-3.9571
-2.7821
-2.8875
-2.2260
-2.8071
-2.6219
-2.4905
-0.3244
-1.2054
-0.6558
0.4847
0.2301
2.1132
0.9704
1.8090
1.6501
1.6589
2.4142
1.6273
3.8311
3.6488
2.9937
2.9984
2.9941
3.2872
3.5403
2.6653
3.7473
2.6964
3.6998
2.1868
2.7021
2.9329
2.2224
1.6961
1.7785
1.1350
0.7747
0.2592
-0.1541
-0.0571
-0.4112
-0.8921
-2.0475
-2.6788
-1.5770
-1.4964
-1.9596
-3.8452
-2.9948
-2.6010
-2.4496
-2.9195
-3.2618
-5.1479
-3.3289
-2.5373
-4.1017
-3.2653
-2.9963
-3.6555
-3.0988
-2.5050
-1.6444
-1.3221
-0.4973
-0.8232
-0.5085
-0.1591
0.1385
1.0313
0.9964
1.1470
1.2933
1.6918
2.4402
2.1796
2.2655
2.9576
3.4376
4.0813
3.1998
3.2808
4.0306
3.5478
4.0966
3.4139
3.4744
2.0811
2.9492
2.1968
2.0819
1.8665
1.2335
1.4029
0.2335
-0.9089
0.3002
-0.5225
-0.8407
-1.2203
-1.7200
-2.5216
-3.0142
-2.9431
-2.4474
-3.0494
-2.3182
-2.7072
-3.9707
-2.9509
-3.2284
-3.7852
-2.7971
-3.6573
-2.4830
-2.1798
-3.0100
-2.5525
-3.2175
-1.8800
-2.3026
-1.4896
-1.4136
-1.0411
-0.9573
-0.9680
0.2112
1.6607
1.1793
1.8551
2.1717
2.4585
2.9902
2.5358
3.2902
3.8651
3.8204
3.7874
4.2296
4.2054
3.8459
3.7248
3.2096
2.9414
3.0824
2.9821
1.9786
1.6592
2.3180
0.9566
1.4986
-0.0657
0.9581
0.2571
-0.1935
-0.7805
-0.9311
-1.4553
-3.1223
-2.4803
-2.1824
-2.4122
-2.0278
-2.4640
-3.3906
-4.0054
-4.1055
-3.6942
-3.6062
-3.1015
-3.2717
-2.4876
-2.6939
-2.6340
-2.6892
-2.6585
-3.1001
-2.6372
-2.2033
-2.0052
-0.0869
-0.6021
-0.4565
-0.7852
-0.3923
0.8807
1.2035
1.1234
1.9952
2.1299
2.1100
3.7948
2.5111
3.2216
3.1911
3.4766
3.5077
3.2457
3.6374
2.8072
4.0261
3.9531
3.5289
3.0385
2.6492
3.0246
1.3797
0.6460
1.1700
1.8531
1.2121
0.8033
-0.9204
-0.6055
-1.1950
-0.9113
-2.1497
-0.9814
-1.5496
-2.8638
-1.7488
-2.9655
-2.0044
-3.3837
-3.1949
-3.5681
-4.3253
-3.5418
-3.8885
-2.6068
-2.9095
-3.5538
-3.1219
-2.4463
-2.3743
-2.4894
-2.0225
-1.6925
-0.8968
-0.9091
-1.1259
0.2084
0.8164
1.0376
1.9976
1.8404
1.3719
2.7332
2.9183
3.4138
3.2241
3.2647
3.1078
3.0886
4.1925
2.7831
3.8339
3.3619
4.2998
3.2817
3.2935
2.8853
2.7622
2.4108
2.4788
1.8298
1.3956
1.4152
1.2698
0.5496
-0.0748
-0.6052
-0.9427
-1.5758
-0.8736
-2.2569
-2.5033
-2.2046
-3.5472
-2.8400
-3.0934
-3.0095
-3.8452
-2.9882
-2.9947
-4.0025
-3.4273
-3.3539
-3.8830
-2.9711
-3.6677
-3.0900
-3.2378
-0.8990
-2.1469
-1.0736
-0.6821
-0.0160
0.2838
-0.3180
0.4950
1.0919
0.2929
1.2215
2.3515
2.6913
2.4319
2.4175
3.6118
2.7652
2.5330
3.9131
4.0958
2.7992
3.0147
3.4964
2.8136
2.7666
1.7287
2.9326
2.0045
1.7506
2.3018
1.5221
1.1838
0.2974
0.5384
0.8182
0.5778
-0.7606
-0.8633
-0.5708
-2.2083
-2.2219
-2.7124
-3.0844
-2.1764
-2.9138
-2.9787
-4.2282
-3.6945
-3.6599
-3.0210
-2.8619
-3.9358
-3.6861
-3.1642
-3.1724
-2.3842
-2.7486
-2.5452
-1.5950
-1.5350
-1.8484
-0.7991
-1.0203
0.8848
-0.3129
0.1946
0.8729
0.8819
1.1516
0.9939
2.4199
2.6160
2.2123
2.5244
3.0707
3.9985
3.7051
2.2900
3.4345
2.4137
2.6709
3.9227
2.2981
2.9535
2.5809
1.4586
2.0803
1.7781
1.1533
1.4818
1.2713
1.1322
-0.7506
-0.7861
-0.9076
-0.3437
-2.1935
-2.5499
-2.1544
-2.9220
-1.6719
-2.4531
-3.3945
-3.6278
-2.8830
-2.9881
-3.1173
-4.3013
-3.6699
-3.7146
-3.3596
-2.6179
-2.6748
-2.7459
-2.8244
-1.9989
-2.3254
-1.6275
-1.4718
-1.5079
-1.6166
-0.7413
0.3210
1.2193
0.8973
1.0483
3.0944
2.1478
2.7160
2.8580
2.2929
2.6915
3.6333
2.9799
4.0739
2.4133
3.9665
3.8651
3.2034
3.5848
2.9147
2.5665
2.4045
3.0814
2.4416
1.8620
1.2553
0.9669
0.9679
1.0612
0.5484
0.4717
-0.8546
-2.1124
-1.1373
-1.7396
-2.1464
-3.0233
-2.6265
-3.4776
-3.2659
-3.6480
-3.3317
-3.9351
-3.5672
-3.8044
-3.7187
-3.2442
-3.7795
-3.5350
-2.4859
-2.9976
-2.4734
-2.1695
-2.4359
-2.0733
-1.2340
-0.7019
-1.0762
-0.1446
0.5780
-0.2405
0.8631
1.1724
1.9469
2.5424
1.6901
2.5982
2.8990
2.8547
2.9252
2.7171
4.1470
3.0099
2.8764
2.7092
2.9295
3.2573
2.8592
2.7204
1.8516
1.7089
2.0170
2.2608
1.4756
1.6800
0.9702
0.6174
-0.1531
0.0615
-1.2915
-0.5812
-2.0240
-1.4218
-2.3906
-2.4048
-3.7158
-2.1424
-3.4847
-3.0908
-3.6308
-2.7740
-3.7187
-2.8992
-3.7259
-5.2915
-3.2528
-2.8111
-3.2480
-2.1289
-2.3677
-1.9779
-2.4712
-1.1876
-1.3169
-0.9737
0.0065
-0.0585
-0.2712
1.4817
0.6691
1.5669
1.2177
3.2533
2.2008
2.4402
3.1755
2.9047
3.2373
3.7742
3.4472
2.7588
3.4725
3.4675
2.8473
3.7191
2.4056
3.4444
3.6861
2.0305
1.7811
2.2482
1.9759
0.8233
0.2085
0.1799
-0.7411
-0.5003
-1.2216
-0.6485
-1.2935
-1.7341
-2.3596
-1.8206
-2.6735
-3.1874
-3.1443
-2.8033
-3.7726
-4.0888
-3.7244
-3.5530
-4.1746
-3.0524
-3.4731
-3.5378
-2.2611
-2.8670
-2.4650
-1.9327
-2.6188
-1.6459
-0.3078
-0.1242
-0.5168
-0.4905
0.7293
0.8385
0.8567
1.5514
1.8859
2.7941
2.7559
2.3683
3.0315
3.7098
3.2090
3.7241
3.7888
3.8264
3.0955
4.5409
3.6165
2.7955
3.4412
3.4807
2.4234
2.7095
1.5296
0.4584
1.9068
1.2449
0.4145
0.2701
0.2813
-0.5104
-0.9414
-1.1920
-0.9114
-1.5633
-2.1625
-1.8793
-2.6447
-2.7386
-2.8921
-3.6921
-3.1822
-3.9547
-3.2756
-4.4653
-3.6585
-3.6326
-2.9056
-3.5202
-2.6227
-3.0098
-1.3664
-1.7960
-2.2907
-0.9592
-1.2035
-1.0772
-0.5486
0.0828
0.6799
0.1064
0.9275
1.4179
1.6984
1.7811
2.4887
2.9665
2.0930
3.8735
4.0983
3.2481
3.7970
3.3613
3.3715
3.1805
4.1029
3.3440
3.1458
2.7077
2.8274
1.4952
2.0387
1.5321
1.7621
0.7725
0.6000
0.4678
-0.5585
0.1794
-0.2581
-1.2814
-0.8350
-1.7934
-2.8419
-3.3780
-2.6038
-3.0531
-3.1546
-3.0282
-3.4458
-3.7519
-3.3585
-2.7089
-3.5730
-3.1534
-3.1979
-2.8486
-2.8253
-2.6652
-2.1500
-2.4563
-1.8153
-1.0969
-1.1243
-0.1550
0.4452
0.6519
0.4950
1.1881
0.6935
1.1225
0.8876
2.1880
1.6310
3.0630
2.8618
3.8214
3.3161
3.9846
2.7793
3.3873
3.6445
3.7845
3.0762
3.3004
2.8570
2.4669
2.5539
2.2201
2.1600
1.7185
0.9559
1.1953
0.7235
0.7809
0.2357
-0.5781
-1.5393
-1.6643
-2.1243
-1.1180
-1.8008
-2.8124
-2.4142
-2.9814
-3.4591
-3.7704
-3.5014
-3.9096
-3.5003
-3.0031
-3.1614
-3.0881
-2.9412
-2.9389
-2.2454
-2.4452
-3.4802
-2.5504
-1.6941
-0.7538
-1.5620
0.2822
-0.2280
0.3184
1.0094
-0.0393
1.1656
2.2605
2.5652
2.1989
2.6093
2.8468
2.6510
3.6939
2.7451
3.7357
3.4751
2.9232
3.1735
3.9475
3.4221
2.3807
2.5888
4.1032
1.9863
1.8117
2.5245
1.3619
0.6669
-0.0480
0.6999
0.7747
-0.6057
-0.5407
-0.1183
-1.5022
-1.7874
-1.7126
-3.2287
-2.6418
-2.3709
-3.6023
-3.5935
-2.6310
-3.2350
-3.9684
-3.5908
-2.9859
-3.5743
-3.5118
-3.4534
-2.6594
-2.3506
-2.4972
-2.2150
-1.5852
-1.4237
-0.6703
-1.2773
-0.8424
-0.5497
0.1328
0.7599
1.4245
1.6199
1.7656
2.1976
2.3311
2.6976
3.1989
3.1615
3.3121
3.3980
3.8370
3.6577
4.4688
2.8475
4.0910
3.5794
2.7317
2.5681
1.9491
3.2817
2.4515
2.2684
0.7539
0.5688
0.9365
0.7501
0.8060
0.2354
-1.3157
-1.2215
-1.6256
-2.1482
-1.1567
-2.8090
-2.9502
-3.6662
-2.4524
-3.0885
-3.2691
-3.4340
-3.6733
-3.6838
-4.1150
-4.0776
-3.7199
-2.7259
-2.4352
-2.6525
-2.8270
-3.5470
-1.1087
-1.1337
-1.4111
-0.5637
-0.6372
0.1604
0.1837
0.7913
0.1580
0.6931
2.0505
2.2169
2.0740
2.6312
2.7588
3.4936
3.1258
3.5395
3.3434
2.7168
3.3495
3.7662
3.4614
3.4175
3.0678
2.7151
3.0642
2.2569
2.2615
1.7304
1.7578
0.9003
0.6855
1.4008
0.5422
0.5988
-1.6011
-1.5159
-1.4275
-1.5516
-2.3625
-2.5061
-2.7016
-3.5955
-2.7041
-3.3951
-3.3557
-3.1455
-3.1113
-3.5896
-2.7741
-3.3148
-2.5700
-3.7204
-2.4075
-3.0305
-2.3432
-1.5946
-1.6823
-1.3960
-1.4862
0.4043
-0.3897
-0.4022
-0.2559
-0.5233
2.3083
1.6143
2.3206
1.7199
2.9692
2.7140
2.5116
2.4953
2.8760
3.3948
2.4336
3.0000
3.4612
2.8807
3.3953
2.9665
3.2147
2.2563
3.6260
1.8061
2.1229
0.7110
1.0848
1.6275
0.0957
1.2244
0.6466
-0.2783
-0.3193
-0.6323
-1.6696
-1.6604
-2.0124
-3.0578
-3.0747
-3.1614
-2.3970
-2.9172
-3.4150
-2.7875
-3.9061
-4.1382
-3.2556
-3.8231
-3.5723
-2.7241
-3.0790
-3.3030
-1.4759
-2.7597
-1.4246
-1.1880
-0.7189
-0.0467
0.0347
0.4466
0.3661
0.8448
0.9815
1.0480
1.1893
2.4406
2.0794
2.3862
2.7478
2.4175
2.8708
2.9786
3.5215
3.7353
4.2796
3.9681
3.2327
3.5625
3.3457
3.1484
2.8935
2.0389
2.1719
1.2620
0.8009
1.2665
0.6623
0.6712
-0.1754
-0.0673
-0.7549
-0.7203
-0.9636
-2.2542
-1.5526
-2.5591
-3.5292
-3.0709
-3.6498
-3.8127
-4.0607
-3.4372
-3.8977
-2.5719
-2.9706
-2.7883
-3.4496
-3.7985
-3.3870
-2.5388
-3.0108
-2.6403
-2.2402
-0.6911
-0.9808
-0.8892
0.2218
-0.4143
0.1658
1.0795
0.8597
1.0791
1.7078
2.4519
1.8381
3.0888
3.0854
2.7217
2.8420
3.5144
3.7864
3.0998
3.3847
3.2187
3.5488
3.5903
2.8956
2.6135
2.4383
3.0265
0.8471
2.4191
0.9805
1.1986
1.0807
0.2215
0.2268
-0.7288
-0.8282
-1.2829
-1.9895
-1.3689
-1.6077
-1.8709
-2.3850
-3.2085
-3.1266
-3.0770
-3.7536
-2.9793
-3.0111
-3.6418
-3.6000
-4.2270
-3.2665
-3.3030
-2.6594
-2.4909
-2.5109
-2.1986
-1.6053
-1.1382
-0.5535
-0.3382
-0.1418
-0.3988
0.3195
1.1430
0.5874
1.4164
1.4405
1.7615
2.0913
3.1668
1.8168
3.8113
3.3826
2.7750
3.4784
3.2533
3.2295
3.4975
3.0332
3.5871
3.2322
2.7492
3.6272
1.9976
2.5596
1.1462
1.7073
0.5160
0.6726
0.2659
0.9549
-0.6424
-0.4969
-1.6928
-1.1799
-1.5276
-3.0051
-2.1088
-2.8712
-3.5536
-2.6629
-3.3193
-3.3437
-3.0046
-3.1673
-3.2842
-3.3285
-2.7919
-3.1272
-2.7879
-2.4576
-2.7717
-2.2439
-1.6567
-2.0924
-2.3941
-0.6314
-0.3970
-0.0148
-0.0245
0.8036
0.9827
1.0510
2.3070
3.0299
2.4953
1.9400
3.5350
3.3047
2.3683
3.3349
4.3215
3.6856
4.7491
3.1483
3.8579
2.3549
4.0504
3.0478
3.2423
2.8925
2.7596
2.1312
1.6474
1.7122
1.4623
-0.0088
0.5433
-0.0669
-0.9678
-0.8082
-1.3418
-1.1148
-2.0265
-1.7382
-2.3802
-2.9708
-2.9539
-2.9209
-4.0928
-3.6031
-2.8062
-4.1302
-3.8306
-3.3053
-3.5328
-2.7368
-2.7863
-1.8792
-1.5375
-2.2221
-1.9406
-2.1737
-0.5361
-0.8844
-0.8793
0.3593
-0.0204
0.1905
0.8275
1.6188
2.3604
1.5081
3.1342
3.5229
3.0812
3.2928
4.3914
3.7866
3.9435
3.0932
3.7680
4.2416
4.6502
3.2252
2.9791
3.0352
2.6059
3.1572
1.6009
1.8487
2.3634
0.5508
1.5860
0.5621
0.0829
-0.5475
-1.0714
-1.2884
-2.0214
-1.1618
-1.6399
-2.8412
-3.1824
-1.6696
-2.5122
-3.2909
-2.4042
-3.4494
-3.0540
-3.8602
-3.3828
-3.5121
-3.5839
-2.3948
-2.6947
-3.2344
-3.2616
-2.5506
-2.7320
-1.1515
-0.7461
-1.1371
-0.5198
-0.3726
0.3985
1.3381
0.1961
1.8640
2.3930
1.9655
2.0793
1.6406
3.9624
2.5380
2.8195
3.4858
3.8345
3.1292
4.0766
2.1029
3.5443
3.0783
2.7352
2.4350
3.1335
2.9721
1.3483
0.8616
2.2191
1.2056
0.5101
0.7196
0.1590
-0.6133
-0.7556
-0.0535
-2.0444
-1.3172
-2.3412
-2.6840
-2.6180
-3.2421
-2.9170
-3.2590
-2.9097
-3.7822
-3.8927
-2.8240
-4.0407
-3.9149
-2.4649
-3.4377
-2.3819
-1.3123
-2.1724
-1.0814
-1.9860
-2.0574
-1.2461
0.0816
0.5385
-0.2316
0.7321
0.0974
1.7570
1.0237
1.1662
2.0007
2.6443
2.8508
3.1234
3.6571
3.0962
2.6805
3.6242
2.9538
3.4015
3.8509
3.1656
2.8407
2.4401
3.3651
2.8207
2.7835
1.3061
2.6106
1.5792
1.0353
1.2560
-0.2244
0.0563
0.4018
-0.2259
-1.4239
-1.8135
-1.7963
-1.2707
-1.6591
-2.9307
-3.2238
-4.0209
-2.7473
-4.5307
-3.3344
-3.2441
-4.0621
-3.1935
-3.8691
-3.1598
-2.2903
-2.8585
-1.9004
-3.0231
-1.8029
-1.2797
-1.0481
-0.8643
-0.4764
-0.6342
-0.4467
-0.2770
0.5788
1.0622
2.0495
2.3852
2.0320
2.9936
1.5691
2.8395
2.7966
3.7893
3.8246
3.3819
3.6514
4.1530
3.2446
4.0081
2.7479
2.6603
2.8759
2.9170
2.2968
1.3651
1.7146
0.9671
1.3456
0.8970
-0.0710
-0.4710
-0.5808
-0.8406
-1.3931
-0.7601
-1.2172
-2.1617
-2.2798
-3.0136
-3.7809
-2.7084
-3.1182
-3.6490
-3.4061
-3.1743
-3.6938
-2.8936
-3.3976
-3.3020
-2.5769
-3.0619
-2.2984
-2.3841
-1.6024
-1.3019
-1.7784
-2.0361
-0.9879
-0.9631
0.3523
-0.6234
1.4764
1.1629
1.9957
1.4376
1.8342
2.7703
2.6157
2.3947
3.1264
3.3256
2.8856
3.1746
2.9965
3.4217
4.3987
3.5746
3.1798
3.3653
2.7555
2.7028
3.5464
2.2897
1.3929
0.8918
1.2027
1.7759
0.6558
0.4716
-0.6287
-1.0736
-0.7665
-1.5839
-1.9372
-2.4400
-2.4776
-3.1402
-2.6137
-2.9789
-3.4372
-3.4002
-3.5073
-4.1608
-3.2507
-3.3861
-3.5140
-4.2770
-3.0039
-3.4814
-3.7309
-1.8151
-1.1600
-3.0061
-1.1643
-1.3666
-0.7933
-0.3520
0.4682
-0.1518
1.1844
1.2706
1.8420
1.7385
1.9741
2.7063
2.6662
3.0316
3.4438
3.7384
3.5688
3.4319
3.1834
3.1127
3.6974
2.9966
2.3050
3.3325
2.3580
3.2975
1.9717
2.4594
2.6591
1.3904
-0.3018
0.4020
0.4092
0.6573
-0.5491
-1.1237
-1.3349
-1.5844
-1.8189
-0.9890
-2.1329
-2.0491
-4.2880
-3.9144
-2.7945
-3.5133
-2.8266
-3.0178
-3.5810
-3.2576
-3.2987
-2.9438
-2.5566
-2.9117
-3.1262
-1.8629
-2.3529
-2.4040
-0.6749
-0.2208
-1.2637
-0.3211
-0.2849
0.7767
0.5692
1.2330
1.4195
1.0836
2.2408
2.0569
2.7859
3.1514
3.8032
2.6633
3.6163
2.9201
4.2371
3.2015
3.1539
2.3622
3.9250
2.4878
3.0847
3.2940
1.7734
0.9490
2.2294
1.9422
0.8239
0.7453
0.4545
0.5968
-1.3512
-0.3565
-0.9328
-2.5812
-1.0877
-4.0670
-2.7196
-2.0989
-2.3602
-3.8671
-2.8221
-2.8785
-3.7355
-4.4170
-2.7948
-3.1931
-3.8810
-3.2283
-3.1474
-2.9094
-1.9138
-2.3751
-1.8223
-2.7393
-1.3102
-1.1981
-1.1636
-0.8293
0.0363
0.6311
1.8927
1.1253
1.6987
2.3154
1.7993
2.5319
3.1805
3.5536
3.5891
3.0202
3.0629
3.4611
3.8073
2.6598
3.6951
2.7230
4.0595
2.9233
2.1897
2.2423
2.6558
2.6102
1.6262
0.5550
1.0036
1.6611
0.6825
0.2561
-0.3846
-0.4713
-2.1378
-1.3220
-2.0132
-1.9043
-2.0808
-2.8330
-2.8806
-2.1229
-2.7785
-3.4563
-3.1757
-3.8004
-4.1448
-3.3944
-2.7719
-3.2911
-2.9685
-2.2774
-3.6289
-2.0454
-2.3768
-1.4942
-1.4749
-0.6221
-0.8259
-0.4742
-0.3694
0.1982
1.3147
1.2849
1.9753
0.8983
1.8153
1.5354
2.4547
2.6951
2.1013
3.9838
4.0191
3.5173
3.8810
3.7145
3.9978
3.7150
3.3776
2.4599
3.3133
1.7718
2.5636
1.5711
1.7618
1.4791
0.9303
0.4892
0.4579
0.1241
-0.6606
-0.0289
-1.1238
-1.4143
-3.4274
-2.3298
-2.7505
-2.9267
-3.9769
-3.9947
-3.1651
-4.0164
-3.2484
-3.7401
-2.4874
-2.4042
-3.5173
-3.0900
-3.8993
-2.4543
-3.1354
-2.0244
-2.4116
-1.0780
-1.3249
0.1728
-0.4804
0.7785
-0.2180
0.6146
1.1743
1.1441
1.6092
2.1767
2.6942
2.0940
3.0418
2.8619
3.6521
4.0016
2.7429
3.2740
3.5552
4.6018
3.6087
3.6196
4.0867
3.3533
3.1078
2.2273
1.8256
1.8650
2.0139
0.7301
0.7236
0.7074
0.4272
-0.1683
-0.8230
-1.4914
-0.5024
-2.0073
-1.8651
-2.1474
-2.9027
-2.5125
-3.2639
-3.6151
-3.8507
-4.1971
-4.3888
-3.8525
-4.1882
-4.0591
-3.9628
-3.0072
-3.3307
-2.3615
-2.0685
-2.0655
-2.6000
-1.0759
-0.5092
-0.8867
-0.3673
-0.2360
0.7362
1.1154
0.8906
1.6682
1.6114
1.8475
2.0860
2.8207
2.4297
3.5450
3.1198
3.5401
3.1398
4.4163
3.3554
3.9458
2.8993
2.5867
2.7830
2.7529
3.0343
2.4831
2.0572
1.7799
0.8732
0.6110
0.2473
1.0440
1.0379
0.4601
0.0798
-0.6406
-1.6083
-1.9179
-1.8889
-1.7858
-1.9180
-3.3766
-3.2348
-3.2536
-3.2422
-2.9896
-3.2725
-3.6150
-3.6034
-3.9201
-2.9589
-2.6176
-3.3165
-2.6805
-2.8485
-2.4814
-2.6419
-1.6191
-1.0601
-1.3061
-0.7275
0.2626
-0.0024
0.9819
2.0872
1.4991
1.2614
1.1637
1.8071
2.5393
2.5080
3.7743
3.5007
3.4661
3.2772
3.4514
3.4723
2.7717
3.5412
3.6821
2.7029
2.7653
2.5896
2.2739
1.5153
1.7019
1.8614
1.3902
1.1200
0.5370
-0.8294
-1.0769
-0.2026
-1.6814
-1.2294
-1.5165
-1.7362
-2.1805
-3.0049
-3.2869
-2.8720
-2.8500
-3.7254
-3.6718
-3.4233
-4.1580
-3.1298
-4.6875
-3.1148
-2.4635
-2.8290
-2.9861
-1.9382
-1.8688
-2.6940
-1.9660
-1.2377
-1.0764
-0.3393
-0.3646
1.5128
0.5624
0.9257
1.0758
1.2524
2.3831
2.5872
2.4826
2.9351
3.0242
3.0388
3.7702
3.1142
2.9045
5.0892
3.8871
2.7791
3.8621
3.2220
2.3891
3.5318
2.3453
2.5590
2.1546
1.5162
1.4100
1.5544
-0.1145
-0.0768
-0.2653
-0.1148
-0.0910
-1.0924
-1.9782
-2.1546
-1.8425
-3.0066
-2.9200
-3.1793
-2.8675
-2.9946
-3.0673
-3.8320
-3.0540
-3.9672
-3.4645
-2.8149
-3.7922
-2.6457
-2.3355
-2.6600
-2.0116
-1.6124
-1.0009
-0.8339
-0.7714
-0.2490
0.6586
1.1664
1.2714
1.1040
1.3085
1.5311
2.3190
2.3932
2.7313
2.6499
3.0775
3.5066
3.0506
3.2647
3.2493
3.6198
2.9383
3.0006
3.6619
3.3030
2.6213
2.3477
2.1856
1.9386
1.5049
1.5474
1.1292
0.3317
0.5303
0.0819
-0.1233
-1.0181
-1.8667
-1.4357
-1.1341
-1.8719
-1.9254
-2.3552
-3.3069
-2.7870
-2.9124
-3.8551
-3.6352
-3.5482
-4.1515
-3.4458
-3.3573
-2.4889
-2.3642
-1.8528
-2.6518
-1.9634
-1.6157
-1.1882
-1.4274
-1.0291
-1.0068
-0.3035
-0.1332
0.1293
0.5346
1.4570
1.3433
1.4269
2.4671
3.6928
3.8946
2.7645
3.3638
2.4395
3.5580
2.9567
3.4058
3.3071
3.2832
4.3103
4.0000
3.3205
2.5479
1.7414
2.9898
2.0379
0.9278
1.1468
0.6130
1.3913
0.9143
0.0611
-0.8311
-0.2327
-2.1395
-1.0249
-1.3591
-2.4356
-3.4397
-3.0192
-2.7413
-2.4906
-3.4380
-3.1448
-2.8759
-3.3379
-4.3104
-3.5626
-3.6343
-4.3321
-3.1158
-2.4591
-2.3259
-3.1071
-2.2545
-1.6811
-1.1071
-0.9985
-1.0234
-0.6913
-0.3480
0.4958
0.4570
2.0054
1.7739
1.7532
1.7279
2.7142
2.2920
3.0362
3.2966
4.1049
3.2407
3.7579
3.3797
3.3262
3.1578
3.2490
4.2588
3.2721
3.2084
3.8898
2.7843
1.2057
1.2419
0.8209
1.3912
0.8786
-0.9305
-0.4182
-0.0835
-0.5080
-1.5998
-1.3420
-1.6382
-2.7559
-2.7782
-1.8332
-2.8669
-3.5607
-3.1762
-3.7876
-3.2309
-3.9913
-3.7532
-4.0377
-2.6198
-2.8165
-2.8170
-3.2301
-2.5601
-1.6991
-1.3628
-0.9676
-1.0371
-0.4396
0.2449
-0.0106
-0.7381
-0.0376
1.2398
2.0817
1.9894
2.4776
2.1617
3.1620
2.5786
3.1854
4.2471
3.8448
4.2737
3.6893
3.3501
3.4065
2.9870
3.8756
3.2511
2.8091
2.8007
3.1376
1.9535
2.4797
1.7541
1.6950
0.9704
0.9715
0.6705
-0.1989
-0.3251
-1.4097
-0.4973
-2.7488
-1.8712
-1.6566
-3.1229
-2.8584
-3.2819
-3.1628
-3.5458
-3.5692
-2.7836
-2.9409
-2.9505
-3.4740
-2.5527
-2.7973
-4.7284
-2.7982
-1.7283
-2.2826
-2.0370
-1.6362
-1.4358
0.0493
0.2978
0.1163
0.1977
0.4630
1.6843
1.8451
2.2143
1.1237
1.8565
2.7885
2.0295
3.0088
2.7506
3.5060
4.1678
3.8662
3.2667
3.4340
2.9540
3.9926
4.0326
3.4262
3.0512
2.7027
2.9744
1.4903
1.3538
1.3197
1.1699
0.9161
0.9950
-0.3354
-1.1097
-1.4429
-1.3054
-2.8424
-1.3759
-2.7478
-1.9269
-1.8453
-3.3057
-3.0529
-3.1040
-3.2700
-4.2298
-2.4628
-3.3302
-3.0901
-3.5460
-2.8724
-2.8586
-2.7638
-1.9216
-2.5929
-1.6010
-1.3178
-1.6429
-0.9963
0.0893
0.1828
0.5114
0.3098
0.7665
1.4113
1.9821
1.2923
1.9936
2.3933
2.6041
3.5684
3.7273
2.9500
2.0700
3.6854
4.7765
3.4471
3.6077
2.9466
3.5883
2.6658
2.9512
1.6373
1.2920
2.4408
1.5201
0.8436
0.7197
0.5243
0.0896
-0.6262
-0.7395
-1.9106
-1.7933
-1.4704
-2.7212
-3.0119
-2.7480
-3.8988
-2.9253
-4.1215
-4.1742
-3.7755
-2.7333
-3.7625
-2.8519
-3.9480
-3.2392
-2.9396
-3.6026
-2.7764
-3.2377
-1.9173
-1.6685
-1.6608
-1.0748
-1.3895
-0.6432
-0.0651
0.0896
0.7077
1.7170
1.9534
1.7638
2.0978
2.5618
1.8963
2.0999
2.7611
3.1844
2.8625
3.5657
3.3637
3.2967
2.6613
3.9834
3.9016
3.4547
2.4824
2.8691
2.7775
2.4371
1.5920
1.8091
0.8650
0.9376
1.0234
0.3454
-0.4937
-0.4566
-2.0813
-1.6907
-2.3450
-2.0446
-2.4040
-2.3575
-3.0964
-2.3142
-3.5513
-2.9608
-3.5620
-3.1602
-3.8929
-3.5179
-3.4067
-3.9922
-2.9721
-2.3244
-2.5315
-2.2674
-1.4917
-1.0471
-1.2468
-0.9842
-0.7236
-0.0785
0.7161
0.2236
0.7801
1.3438
1.4183
2.0549
2.4597
2.5039
3.0072
2.7869
2.9989
3.0467
3.5316
3.7989
4.1253
3.0642
4.1245
3.3647
2.8118
3.3589
3.1969
2.4612
2.3910
1.7536
1.1140
1.2079
0.4477
0.6167
0.4545
0.6060
-0.5044
-1.3552
-2.0512
-1.8766
-2.6452
-2.1472
-2.8980
-2.4320
-2.6530
-3.0151
-3.5718
-2.6456
-2.9905
-3.0132
-3.7473
-2.8496
