-0.0919
-0.1696
0.0880
1.5958
0.5167
1.3089
1.3891
1.3480
0.1167
-0.2736
-0.4724
-0.9400
-0.4602
-0.8714
-1.2611
-0.5302
0.0403
-0.8369
-0.2877
0.9125
0.2039
0.3642
0.6779
1.2826
0.3025
-0.3922
0.1188
0.2573
-1.6228
-0.4596
-0.2150
-1.3695
-2.1291
-1.1826
-0.7966
0.5406
0.6399
0.3688
1.3852
1.0623
1.3217
-0.0129
0.5226
0.8149
0.0672
0.0173
-1.2505
-1.2126
-0.9286
-1.1378
-0.2020
-1.3378
-0.5602
0.8876
1.1930
0.8001
0.3629
1.4979
0.9092
0.0471
0.4897
0.8748
0.1665
-0.9681
-1.4281
-0.6396
-1.1041
-1.2531
-0.7177
-0.8794
1.3240
0.8963
1.1753
0.3657
0.2673
0.7858
0.2356
0.3750
-0.3370
-0.2547
-0.1473
-0.6530
-1.2305
-0.8237
-1.3308
-0.6332
-0.5897
-0.5940
-0.5358
1.0789
2.0873
0.4130
0.9282
0.8475
-0.4452
0.6192
-0.3291
-0.8243
-0.1735
-0.8835
-1.1724
-1.0727
0.8206
-1.1627
0.1997
0.9993
-0.0517
0.7212
0.6594
1.2045
0.8130
0.4785
0.3164
0.1120
0.1021
-1.2765
-0.7114
-0.3875
-1.0493
-0.5471
-0.1556
-0.4769
0.1736
1.2289
0.7390
0.8237
0.7306
0.9291
0.7077
0.6966
0.7349
0.1818
0.1551
-0.7481
-0.5941
-0.5525
-0.1190
-0.7732
-1.2654
-0.5899
-0.4264
0.8824
1.1378
1.3736
1.1169
1.2533
0.7824
-0.9698
-0.6332
-0.8894
-0.8567
-1.1065
-0.2282
-0.9612
-0.4420
-0.1997
0.8490
-0.3304
-0.2644
0.4659
0.9450
0.9965
1.3403
0.1747
0.1343
-0.4280
-0.3665
-1.1575
-0.8387
-0.3003
-1.5399
-0.7208
-0.7020
-0.8423
-0.0052
0.9513
1.3278
0.8421
1.0870
1.2312
0.3057
1.3514
0.5529
0.0799
-1.1767
-0.9231
-0.7169
-1.5411
-0.6111
-0.6233
0.0651
-0.0645
0.3206
1.4797
0.7027
0.3812
0.8206
0.4735
0.8562
0.2815
-0.4768
-0.4360
-0.8452
-1.3116
-0.6924
-0.8482
-0.9961
0.5866
0.7156
0.0802
0.8577
0.4254
1.4148
1.1276
0.6017
1.6053
0.4028
0.1808
-0.0715
-0.5164
-0.9676
-0.3004
-1.7693
-0.6112
-0.4296
0.0854
0.0451
0.9603
0.2454
0.8700
1.4069
0.5535
0.7474
-0.5082
0.7023
-0.0765
-0.9597
-0.3227
-0.4532
-1.0178
-0.8282
0.4427
-0.8996
0.2696
-0.3952
0.3385
1.3561
1.3451
0.6994
0.8305
0.8823
-0.4950
0.1938
-0.5075
-0.2499
-0.4499
-1.4275
-1.3932
-2.1570
0.4366
0.1241
0.0299
1.2844
1.0248
1.0698
0.8490
0.8121
0.5057
0.8158
-0.2626
-0.5114
-0.0695
-0.3255
-1.0705
-0.9034
-0.8976
-0.7966
-0.2729
-0.2588
1.0508
1.6074
1.0423
1.1709
1.3636
-0.3413
0.6291
-0.0647
-0.7860
-0.4425
-0.0583
-0.8671
-0.8579
-1.2041
-0.8283
-0.1904
-0.0866
0.9780
1.4504
0.5899
1.1952
1.2017
0.3175
-0.3176
-0.6354
0.8453
-0.8910
-0.4270
-0.7079
-1.0911
-1.0762
-1.3622
-0.1913
-0.2384
0.7327
0.9653
0.4025
0.6013
1.2713
0.3834
0.2181
-0.0812
0.7414
0.1927
-0.9850
-0.3745
-1.0865
-0.6811
-0.1603
-0.0578
0.2859
-0.1545
1.5267
0.8411
1.2397
1.4278
1.8689
0.0058
0.3869
0.5117
-0.2840
0.2582
-0.9280
-0.5679
-1.2862
-0.9807
-0.4744
-0.0946
-0.5920
-0.2922
0.8263
-0.2707
0.7332
1.5672
1.0611
0.2326
1.5733
-0.9430
-0.4378
-1.3627
-0.0825
-0.8475
-0.9547
-1.1334
0.2463
-0.8608
-0.6961
0.1393
0.9773
0.6641
0.1711
1.1811
0.3823
0.6323
0.1568
-0.5301
-0.6428
-0.0734
-0.4178
-0.9812
-0.4916
-1.3069
-0.7341
0.0805
0.7706
0.2885
1.1585
0.2483
1.6011
1.0629
0.9897
0.7139
0.1978
0.0117
-1.2219
-0.8848
-1.8521
-0.8229
-0.7332
-1.2510
-0.7467
0.0687
1.5647
0.2399
0.3901
1.0664
0.6387
0.5917
0.7254
-0.1111
0.0957
-0.6492
-1.3750
-0.9210
-1.8378
-1.1923
0.0049
-0.2842
-0.8294
0.6044
0.5976
0.5142
0.8487
1.1478
1.6822
0.2205
0.3907
-0.5125
-0.8083
-1.0698
-0.8950
-1.4025
-0.7976
-1.0992
0.1111
0.9304
0.8585
0.8416
0.9396
0.6969
0.9394
0.8376
1.0998
0.7761
-0.7679
-0.8403
-1.4115
-0.6098
-1.8628
-1.7044
-0.9273
-0.0097
-0.0245
0.4711
0.5726
0.8162
0.4294
0.9026
0.1981
0.5538
-0.1640
-0.0722
0.1787
-1.7569
-1.2022
-0.4614
-0.4120
-0.5041
-0.6907
-0.1388
-0.6392
0.3779
1.0632
0.5913
1.6125
0.1375
1.0158
0.1108
0.0187
0.0226
-0.5077
0.3609
-0.3479
-1.8549
-0.0358
-0.8779
0.2029
0.2368
0.3374
0.4791
1.0694
1.0843
0.2477
1.5147
0.4735
0.5078
0.1229
-0.5853
-1.2178
-1.0126
-0.5834
-1.4967
-2.1400
-1.1272
-0.9619
0.4802
0.3220
2.1421
1.2073
1.1437
1.1797
0.8625
0.2617
0.0449
-0.5322
-0.3082
-1.3109
-1.8144
-1.3995
-0.8417
-1.0190
-1.0798
-0.0053
0.2095
0.5290
1.7623
0.6320
0.8313
0.3973
1.3825
0.4649
-0.8209
-0.5521
-0.6800
-0.2086
-0.4788
-0.8620
-0.8836
-1.7023
-0.3075
0.4243
0.3831
0.3797
1.0770
1.6777
0.7668
0.8176
0.9677
-0.8273
0.6511
-1.1985
-1.3713
-1.3583
-0.3085
-0.5809
-1.1668
0.4158
0.0679
0.9003
0.9586
0.8971
1.1099
0.4984
0.9114
0.0090
0.2992
-0.7883
-0.8687
-1.5094
-0.1366
-1.6330
-1.0084
-0.5884
0.0660
0.0575
-0.2138
0.3701
1.6729
1.5873
1.1133
0.2742
0.6634
0.4344
-0.0969
-0.2030
-0.8239
-0.9719
-0.6253
-0.5233
-0.5920
-0.3506
-0.1266
0.0665
0.1773
0.9225
0.2138
1.0395
0.6959
1.7451
0.2998
-0.8027
-0.4991
-0.4141
-0.6740
-0.2874
-0.4484
-0.4430
-0.2478
0.9617
-0.2257
-0.0237
0.9051
0.4343
1.2418
0.3281
0.7113
1.3051
0.3647
-0.5091
-1.6089
-0.8235
-1.1902
-0.4811
-0.7686
-0.3058
-0.1551
-0.2671
0.5400
0.7969
1.2729
0.8999
1.0787
1.7378
0.6409
0.1690
0.2213
-1.1798
-0.3032
-1.4770
-1.0395
-0.9364
-1.1520
0.1522
-0.2546
0.1960
1.2548
0.8286
0.6594
1.2345
0.3823
0.3975
0.5471
-0.8021
-0.1342
-0.2119
-1.1178
-0.6809
-1.5174
-0.4791
-0.1536
-0.0203
-0.6524
1.4404
1.1746
-0.2612
1.3077
0.8966
0.6673
0.8682
-0.3508
-0.4899
0.0818
-0.1036
-0.2965
-1.5243
-0.8866
-1.6964
-0.0520
-0.1431
0.1024
1.3723
0.7104
0.9114
0.3270
0.9632
0.6745
0.7469
-0.7755
0.0572
-0.9963
-0.6304
-0.9420
-1.7508
-1.7229
-0.4121
0.2177
0.5227
0.3232
0.0530
0.1122
0.6430
1.6001
1.0068
0.1761
-0.0164
-0.4155
-0.5699
-0.2908
-0.0775
-1.0036
-0.2738
-0.8380
-0.2291
-0.2054
0.6460
1.0203
1.5189
0.1825
-0.3264
0.3570
0.2350
0.1799
-0.0143
0.3752
-0.8132
-0.8998
-1.0270
-1.2201
-0.4344
0.1062
0.5540
0.3214
0.8362
1.2097
1.0945
1.5301
0.9716
0.8618
1.9307
-0.2990
-0.6834
-0.2639
-1.0505
-1.8294
-0.9988
0.3899
-1.0043
-0.0632
-0.2721
0.0358
0.8151
0.9768
0.5976
1.2650
0.4986
-0.1266
-0.3390
-0.3774
-1.2891
-0.3031
-1.0822
-0.1975
-1.2595
-0.3073
-0.4036
-0.5902
0.2978
1.3695
0.5705
0.4843
1.5640
2.0941
0.1627
0.0696
0.1070
-0.3701
-0.6793
-0.2911
-1.6512
-0.8439
-1.4315
0.4288
-0.5916
-0.3106
1.0699
0.9190
0.9450
1.5807
0.0082
0.5551
0.2392
-1.1474
0.2450
-1.5635
0.1277
-0.5393
-0.7886
-0.9122
0.0981
-0.7771
0.0548
-0.0027
0.9361
0.9651
0.9079
1.1087
0.2598
0.3029
-0.1369
-1.9167
-0.1947
-1.4458
-0.7683
-0.4565
-0.5634
-1.3471
0.0627
-0.7787
0.7654
0.5943
0.5942
1.0837
0.7029
0.7809
1.1707
-0.3058
-0.7385
-0.8932
-0.0910
-1.1247
-0.8192
-0.7801
-0.5302
-0.5707
0.5739
0.4107
-0.0985
0.4866
1.3808
1.6011
-0.1529
0.3836
0.8158
-0.3923
-0.5987
-0.3387
-0.7694
-0.3045
-0.3188
-0.2435
-0.7483
-0.1889
-0.1406
0.6581
1.1146
0.9000
2.3585
1.5900
0.7054
0.1796
0.1008
0.0057
-0.5263
-0.8010
-0.3998
0.1186
-1.2881
-0.7340
-0.4433
0.3682
0.1969
0.9145
0.7556
0.3355
0.7721
1.2595
0.1974
0.1707
-0.0963
-0.6860
0.3001
-0.5931
-1.3368
-0.6261
-1.3507
-0.1461
-1.0402
1.1356
1.3865
0.6783
0.6332
1.1613
1.5507
1.5070
0.7500
-0.2563
-0.6788
-0.8484
-0.4687
-1.3618
-0.7205
-1.0296
-0.4629
-0.1427
-0.5595
0.5398
-0.1700
1.8835
1.2631
0.7863
0.6699
0.0784
0.2156
0.1518
0.8113
-1.2446
-0.7277
-0.4513
-1.0937
-0.3738
-1.5390
-0.4017
0.6730
0.2257
0.8826
1.1987
1.2294
0.9439
0.8948
0.7715
-0.0203
0.0107
-0.2318
-0.9856
-1.1316
-0.8593
-0.8607
-0.8663
-0.1707
1.1429
1.0022
0.7442
0.8547
0.4656
0.3169
1.3013
0.6309
0.0219
-0.8569
-0.9716
-0.8000
-0.7591
-0.3709
-0.1510
-0.6113
0.1185
-0.6944
0.1824
1.0260
0.8387
1.1930
0.7331
0.3390
0.3412
0.1431
-1.1345
-0.2519
-1.4932
-1.0741
-1.8072
-1.2412
-0.6977
-0.0026
-0.5446
0.0202
1.4457
0.4666
0.9307
0.6247
0.7127
0.8382
-0.0410
-0.5205
-1.4032
-0.8718
-0.8880
-0.7770
-0.7181
-1.6215
-0.3063
0.0375
0.2941
1.4090
1.0418
1.1126
0.5995
1.4570
0.8777
0.5863
-0.0841
-0.2495
-0.3719
-1.6544
-1.4828
-0.6310
-1.1996
-0.6326
-1.4712
-0.2297
0.7713
0.1337
1.8590
0.3415
0.5344
1.1233
0.1053
-0.0576
-0.4657
-0.8129
-0.0260
-1.9738
-0.6225
-0.8993
-0.3532
-0.8076
0.1040
0.0350
0.6105
0.7746
1.5653
1.1915
2.0441
0.6799
-0.2239
0.3506
-0.7704
-0.9712
-0.5090
-1.4073
-0.5727
-2.0918
0.1738
-0.4151
0.3247
-0.2547
0.7296
1.1570
0.9386
0.3448
1.2791
1.3055
-0.2103
-0.1257
-1.2105
-0.7402
-1.5929
-0.9838
0.0164
-0.4030
0.6338
0.3032
0.4732
0.3423
1.6283
1.2011
0.4543
0.9422
0.4719
0.0330
1.0587
-0.9953
-1.0374
-0.9356
-0.2397
-1.3015
0.2160
-0.5662
-0.2536
-0.1169
1.1714
1.3984
1.2194
1.6036
0.4024
0.8334
-0.3305
-0.2715
-0.5851
-0.3201
-1.6197
-1.5491
-0.1544
0.0087
-0.2334
-1.3118
0.0659
0.9374
0.1550
0.3829
1.2741
1.7086
0.1516
0.8872
-0.1262
-0.2005
-0.9059
-0.2122
-1.3260
-0.2151
-0.7269
-0.9249
-0.1951
0.1700
-0.1217
1.9140
0.2394
0.5927
0.7333
0.1483
0.4308
-0.7227
-0.1764
0.4415
-1.5490
-0.7136
-0.6038
-0.5325
-1.3759
-0.7687
-0.6037
-1.0076
0.6343
0.8011
0.5261
1.1476
0.9697
1.3813
1.6768
-0.6705
-0.3177
-0.9733
-0.9253
-1.4450
-0.6941
-0.8066
-0.0452
-0.5349
0.2965
0.6970
0.8799
0.7234
1.6372
0.6460
0.0496
1.1641
-1.1837
-0.1963
-1.4362
-1.2559
-1.0659
-1.5304
0.0686
-0.4845
0.1798
0.2336
0.4888
0.3037
0.8763
1.4456
1.4249
0.3734
1.5900
-0.2879
-0.6273
0.4511
-1.2611
-1.0472
-0.7209
-0.7772
-1.5313
-0.8203
-0.4625
1.1422
0.3338
1.1934
2.0234
1.1803
1.1814
-0.7163
1.2494
-0.6923
0.1164
-0.5410
-0.6496
-1.0093
-1.2169
-1.3121
-0.8041
-0.4561
-0.6530
0.8811
0.8382
0.5777
0.6119
1.8761
1.1536
0.9286
0.8289
-0.3260
-0.5102
-1.3206
-1.5927
-1.2105
-1.0300
-0.8997
-0.2994
-0.6564
-0.4276
-0.1268
1.9534
1.4362
0.0217
0.8586
0.9730
0.3925
-0.1646
-1.0220
-0.6109
-0.1005
-1.0833
-1.3859
-0.6654
0.6801
-0.2970
-0.2206
0.0237
0.0857
0.7916
1.2372
1.7243
1.0026
-0.0233
-0.6640
0.2665
-0.8965
-1.0807
-1.3434
-0.3098
-0.2859
-0.5507
-0.4162
0.3980
0.1858
0.1079
0.6267
0.8144
0.5016
0.7150
0.8916
0.3631
0.3826
-0.6249
-1.3217
-1.2152
-0.5518
-0.7838
-0.4303
-0.2808
-0.9730
0.9778
0.4294
0.8004
1.6871
1.2874
0.8647
0.8330
1.0909
-0.2759
-1.2250
-0.2673
-1.1356
-0.6409
-1.0685
-2.0184
-0.9310
-1.1797
0.0197
0.1412
0.1347
0.0270
1.4615
0.4507
0.6586
0.2203
0.7350
-0.5906
-0.9471
-0.0486
-0.8389
-1.5503
-0.5502
-0.6779
0.1888
-0.4221
-0.4759
0.7107
0.6911
0.5830
1.1807
1.0730
0.8315
0.2690
0.0653
-0.2464
-1.0779
-0.6099
-1.4130
-0.5969
-0.2810
0.5619
-0.9119
-0.8678
0.8509
1.1035
1.0603
0.7821
0.1380
0.6810
0.9186
-0.5138
-0.6996
-1.0928
-0.4740
-1.9015
-0.9046
-1.1454
-0.7708
0.1490
0.6141
0.6002
1.1480
1.3036
0.2900
1.6727
1.4325
0.3529
-0.1827
0.2149
-0.5901
-0.0998
-1.4887
-1.3615
-1.2770
-0.1709
-0.0030
-0.4623
0.1265
0.3540
0.9169
1.5424
1.4994
1.0678
0.5628
0.4261
1.6067
0.4532
-1.3072
-1.2117
0.0812
-0.4323
-1.2842
0.0407
0.8333
0.4181
1.1152
0.6480
1.5599
0.7930
0.7611
-0.0481
0.8203
0.5746
0.5163
-0.6774
-1.5974
-0.9557
-0.5229
-1.6419
-0.3608
0.1472
-0.1706
0.4754
-0.6943
1.9303
1.4673
1.8021
0.9054
0.6366
1.0038
-0.7241
-1.1314
-1.5622
-1.6434
-0.7006
-1.3402
-1.0926
0.5430
0.6390
0.8342
1.6037
0.3955
1.5962
1.4113
1.1281
1.9019
0.0237
0.5557
-0.3490
-0.8641
-1.6687
-1.2446
-0.7874
-1.0034
-0.8885
-0.3595
-0.3261
1.1302
1.1540
1.4364
0.8175
1.0216
1.1339
0.5430
0.2805
0.4697
-0.9055
-1.1319
-0.4916
-1.0473
-0.4567
-0.4319
-1.0574
-0.3788
0.7209
0.9100
0.4837
0.8699
0.9289
-0.5984
0.7626
-0.0116
-1.4859
-0.6831
-0.6852
-0.1610
-2.2511
-0.2014
0.0291
-0.2650
-0.3252
1.0648
0.5331
0.6306
0.1862
1.4146
0.6413
-0.0273
0.3336
-0.0719
-0.8903
-0.2183
-1.3212
-1.0593
-1.9517
-0.2215
-0.5195
-0.1134
0.0866
0.4107
1.4265
0.4424
1.1859
0.6995
0.6368
-0.6216
-0.4630
-0.6520
-1.0167
-0.8414
-1.0596
-1.6671
-0.8850
-0.3046
0.0139
-0.2156
0.7379
0.4466
1.0908
0.2037
1.3572
0.4019
0.2437
0.6331
0.1134
-0.2691
-1.2846
-1.0590
-1.4195
-1.5234
0.1170
-1.3400
-0.9516
-0.3362
0.5069
0.3710
0.4007
1.3390
1.2006
0.3454
1.0307
-0.0985
-0.5065
-0.9073
-0.0785
-0.6977
-0.5569
-1.0373
-0.5706
-0.9755
0.2412
-0.3794
1.0073
1.3762
1.3706
1.6428
0.3730
-0.8134
1.0168
-0.2098
-0.6232
-0.6017
-1.0936
-0.3035
-1.0588
-0.2209
-0.1284
-0.7315
-0.0336
0.5787
1.1754
0.6748
1.0474
0.4674
-0.0783
0.6930
-0.5394
0.1626
-0.4762
-0.5962
-0.2859
-0.9356
-1.3514
0.2485
-0.2575
0.3876
-0.3961
0.3657
0.6600
1.0258
1.1701
0.6297
0.7176
0.0052
-0.3699
-0.4804
-0.4471
-1.3694
-0.9115
-0.5130
-1.0362
-0.4105
-0.3583
-0.5037
0.9882
0.9754
1.3204
1.8574
1.4221
0.5891
-0.4716
0.3786
-0.4159
-0.7254
0.0988
-0.6883
-1.0122
-0.8267
-1.4457
-0.9079
-0.2655
-0.0615
0.7275
1.6311
0.8178
1.4162
-0.7534
-0.7131
-0.7124
-0.5213
-0.6726
-1.3361
-0.9142
-0.6661
-2.5799
0.2131
0.2203
-0.3405
0.3658
1.2223
1.2155
1.3384
-0.1996
1.1405
0.5233
0.2458
-0.4098
-0.5262
-0.8224
-1.1232
0.1339
-1.4049
-0.1497
-0.2636
0.3148
0.6409
0.7135
1.0273
0.2229
1.1216
1.0497
0.7482
0.4175
0.2338
-0.4665
-1.1155
-1.4623
-1.2803
-1.6521
-0.1491
-0.6126
0.5267
-0.8827
0.0140
1.3815
0.8782
0.3777
0.7616
0.4404
0.6269
-1.4573
0.4365
-0.3603
-0.4560
-1.3813
-1.4773
-0.8314
-0.8158
-0.5161
0.9021
1.5851
0.6843
0.3477
2.1170
0.8380
1.0353
0.2119
0.0306
0.2672
-0.2945
-0.6080
-1.7638
-1.8266
-0.1372
0.0700
0.4864
-0.3295
1.2679
0.0499
-0.0905
0.5584
1.2105
0.4557
0.1443
-1.1247
-0.1820
-0.1816
-0.6899
-1.5219
-0.1314
-1.5826
-0.8628
-0.8834
-0.4006
0.4375
0.9048
0.6983
0.8762
1.5482
0.7980
0.8107
0.4373
0.6044
-0.5584
-0.3037
-0.7395
-1.0512
-0.3578
-0.4402
0.1773
-0.2208
-0.5548
0.5619
-0.2657
0.6713
-0.1724
0.7921
0.6987
0.1368
0.5816
-0.4347
-0.9116
-0.7284
-0.6340
-0.1823
-1.6219
-1.1313
0.6298
-0.4236
0.2730
1.1051
0.9211
0.5321
0.7026
0.0222
-0.4472
0.4179
-0.0143
0.0168
-1.1040
-1.3109
-0.5276
-0.7547
-0.7290
-0.1891
-1.2143
0.3600
-0.0057
0.3886
1.1621
1.0240
1.3021
0.5259
0.8102
0.0928
-0.8683
-1.4794
-0.7894
-1.3264
-0.3185
-1.0157
-0.5556
-0.4246
0.1197
-0.0420
1.7289
0.4351
0.6368
0.9519
0.6331
0.8648
-0.5888
0.0549
0.1552
-0.9486
-1.4393
-0.1090
-0.3160
-0.6715
-1.2116
0.2601
0.0976
0.3152
1.1691
1.7348
0.2016
1.2332
0.2204
-0.3490
-0.0504
-0.9829
-1.7993
-1.0799
-0.7873
-1.1919
-0.6465
0.1763
0.1756
0.4157
0.1135
-0.0076
1.5439
1.1059
0.9968
1.9230
0.3945
-0.0241
0.3062
-0.3071
-0.9051
-1.1407
-0.7910
-1.0988
-0.1016
0.4019
-0.5707
-0.8219
1.3356
0.9610
1.4396
0.5060
0.7477
0.4798
-0.5703
-0.0822
-0.6089
-0.6351
-0.4283
-1.5645
-0.7246
-1.0680
-0.2188
-0.2016
0.4658
0.2467
0.1602
1.6499
2.2735
0.7282
0.1307
1.5374
0.0919
-0.6243
-0.5857
-0.6022
-0.0577
-0.1436
-2.2291
-0.6985
0.3182
0.0890
-0.0274
0.9345
1.1468
1.2063
0.6044
1.1040
1.5516
-0.3485
-0.3425
-1.0600
-0.7282
-0.3949
-1.8479
-0.7807
0.3760
-0.0645
0.4998
-0.4328
0.9974
-0.2044
1.4316
1.5381
0.5158
0.0356
0.7209
-0.6534
0.5095
-1.4389
-1.9233
-1.2673
-1.0211
-0.6657
-0.3434
0.1473
0.5044
0.9005
0.7370
1.1267
0.9030
0.6733
-0.2769
0.5793
-0.3023
0.0353
-0.2792
-1.6724
-0.4340
-1.8600
-0.8651
-0.3696
-0.4430
-0.2612
0.6972
0.9828
1.1373
0.4774
0.6859
0.8352
0.6573
0.1829
0.2670
-1.4073
-0.6591
-0.7072
-1.6931
0.0826
-0.3192
-1.1032
0.3198
0.3444
0.9618
0.9271
1.2923
1.2816
0.6950
0.9857
0.5080
-1.1078
0.1832
-0.8741
-0.7234
-1.7704
-0.9258
-0.6411
-0.1571
-0.0887
-0.2006
-0.0788
0.3517
1.0260
0.9429
1.5343
0.5964
-0.2746
0.2565
0.6424
-0.4420
-0.7167
-1.3085
-1.4682
-0.8041
-0.4356
0.2463
-0.5016
-0.6273
1.5435
0.3613
0.7958
1.1619
0.3942
0.4609
0.1203
-1.1039
-1.0782
-0.7879
-1.9008
-0.3235
-0.7636
0.1497
-0.6201
-0.4495
0.4697
0.3713
0.9438
0.1553
1.1904
0.4380
0.1623
0.7182
-0.4536
-0.3275
-0.9657
-0.8587
-0.9392
-1.1311
-1.3968
-0.1741
-1.0632
-0.1582
0.3388
0.9914
0.9212
1.0803
1.5230
1.4518
0.3497
-0.3533
-0.1250
-0.7652
-0.4646
-0.3571
-0.6958
-0.8435
-0.6355
0.0708
0.0496
0.2374
0.3863
2.1703
0.1920
1.2710
0.6083
-0.0432
0.1534
-0.1220
-0.2292
-0.8353
-0.6775
-1.3023
-0.3438
-0.2611
-0.5052
-0.3650
0.9098
1.0320
1.8869
1.1599
0.9786
0.4154
1.2902
0.7532
-0.2562
-0.3903
-0.2032
-0.8196
-1.2096
-0.9895
-0.5782
0.2908
0.5062
0.7470
0.1727
1.0539
0.9795
1.1626
2.0739
0.8202
0.5231
0.3303
-0.9222
-0.7870
-1.0198
-1.1915
-0.9013
-1.1049
-0.7726
1.0586
0.6273
0.9828
0.5715
1.1464
1.5878
2.1075
0.8598
0.8128
-0.4128
-0.8266
-0.2912
0.1313
-1.6357
-0.2462
-1.5635
-0.5667
-1.4656
0.7875
-0.4679
0.6526
0.9148
1.2034
0.4997
1.0238
0.7202
-0.5106
0.1772
0.3598
-1.1753
-1.1364
-1.5084
-1.0325
-1.5200
-0.9747
0.2276
0.3537
0.6130
0.1774
0.0301
0.3480
0.2103
1.2032
-0.5628
0.0566
-0.1708
-0.2897
-1.5683
-0.9726
-0.7427
-0.6048
-0.2094
-0.4964
-0.5125
-0.4007
1.3410
0.9388
1.2555
1.2890
1.0541
0.7758
1.0363
-0.5183
-0.2689
-1.0539
-0.9510
-1.5257
-1.3495
-1.7214
-0.2559
-1.4621
0.9187
0.1594
0.9409
0.7679
-0.0201
1.0972
1.6131
0.6851
0.4712
-0.7105
-0.9890
-0.8750
-0.8868
-0.9564
-1.1458
0.2033
-0.2342
-0.9825
0.7983
-0.2305
0.8371
0.8367
1.4087
0.5637
0.6090
0.5883
-0.0339
-1.0634
-0.9367
-1.0120
-1.0105
-0.4083
-0.4634
-1.3144
0.8153
0.7869
-0.4165
0.9802
0.9869
0.5890
1.1714
0.0330
0.2168
-0.2508
-0.2111
-0.4027
-1.7414
-0.9636
-0.6922
0.2858
0.2187
-0.4591
-1.0260
0.1253
0.4636
1.1492
2.1512
0.2959
-0.0793
-0.1798
-0.6032
0.7583
-1.5174
-1.2407
-1.4354
-1.2210
-0.7973
-0.3009
-0.7739
0.2197
0.4628
0.9074
1.1021
1.4126
0.6297
0.2768
1.0921
0.3278
-0.2085
-0.6853
-1.5325
-1.0246
-1.3686
-0.3090
-0.3176
-0.3231
0.0380
-0.1018
2.0318
1.0454
0.7669
0.5598
0.4324
1.3915
1.4103
0.1219
-0.0386
-1.1322
-0.2299
-1.6547
-1.7213
-0.5847
-0.7658
-1.0158
-0.2778
0.3444
1.5899
0.5742
1.3350
1.1020
0.9341
0.3921
0.6268
0.1781
-0.4830
-0.3616
-0.8314
-0.0155
-0.6295
-0.1442
-0.9836
0.4245
0.3664
0.4047
1.8252
1.2296
0.9337
0.9371
0.6488
0.3870
-0.3894
-0.8102
-0.6851
-0.5220
-0.0444
-0.9119
-1.3089
-0.3897
0.6250
0.6446
1.0169
1.6334
0.2582
0.8678
0.9386
0.6210
-0.2427
0.0252
0.3580
0.0877
-0.3974
-0.8987
-1.2169
-0.7182
-0.9771
-0.2801
-1.0202
0.0597
-0.2480
0.9417
1.4759
0.8047
0.2249
1.1474
0.5222
-0.7555
-0.1632
-0.9350
-1.4023
-0.8881
-0.7345
-0.4308
0.8672
-0.5470
-0.2503
0.1417
1.1610
1.0921
2.1209
0.0159
0.6347
0.2571
-0.0369
-0.1688
-0.9062
-0.9580
-0.8492
-0.1823
-0.3092
-0.4850
-1.1474
-0.2669
0.5791
-0.2058
1.5654
1.8129
1.3100
0.5612
0.6889
0.2977
0.0597
-1.2181
-0.5717
-1.4558
-0.6450
-1.2433
-0.4717
-0.9361
0.5388
0.2483
-0.0411
2.5641
0.9255
1.4597
0.8837
0.1985
-0.0645
-0.7346
0.2058
-0.9602
-1.1739
-1.1511
-0.8146
-0.0130
-1.1212
0.2343
0.2023
0.6906
0.6940
-0.2522
-0.0879
1.6458
0.1597
0.8152
0.4927
-0.3771
-0.5954
-0.8314
-1.8130
-1.4990
-0.3169
0.6820
-0.0344
0.7315
0.5296
1.3802
1.2504
1.5547
1.7955
-0.0266
-0.1068
-0.5683
-1.7231
-1.3382
-1.1917
-0.4065
-0.7889
-1.0150
-0.9914
-0.2318
-0.3502
0.4135
0.0871
0.7845
1.2192
1.7027
-0.1585
0.6348
0.3391
0.7780
-1.2234
-1.2096
-0.3114
-0.3767
-0.9140
-1.4690
-0.0556
0.3183
1.2708
1.8359
0.8757
0.4757
0.7072
0.8883
1.3035
1.1662
-0.2306
-0.5720
-0.6272
-0.2653
-1.5118
-1.7307
-0.8198
-1.1024
0.7936
0.0869
-0.0545
0.5030
0.8886
0.3186
0.8089
0.3335
0.5355
0.6633
-0.3318
-0.4532
-1.3254
-1.0743
-1.0134
-1.0592
-0.6485
-0.0736
1.4057
-0.0046
0.2299
0.1596
0.2952
1.0300
0.5971
-0.6690
0.4248
-0.0227
-1.0884
-1.2798
-1.8745
-1.3406
-1.3766
-0.3279
-0.9223
-0.1822
-0.5479
0.7587
0.4452
0.8469
1.0750
1.4386
0.6733
0.7956
-0.1062
-0.1193
-1.1227
-1.8445
-0.5309
-1.6022
-0.9133
-1.3018
-0.2410
0.3505
0.4334
0.7008
1.1415
0.7023
0.7716
0.4401
0.7148
-0.2065
-0.1031
-1.3505
-1.2022
0.0034
-1.0078
-0.7797
-0.6756
0.4040
0.7352
-0.1625
0.5254
0.9855
1.0799
0.8390
-0.1978
-0.4538
0.5530
-0.0704
-0.2831
-1.2045
-1.1243
-0.8837
-1.2001
-1.4111
-0.6585
-0.3286
0.0622
0.2822
-0.5330
1.2838
1.3067
1.5141
0.7991
0.5906
-0.2226
-1.1803
-0.8267
-1.9161
-0.9410
-1.2354
-1.4127
-0.9222
-0.2669
0.5943
0.6430
0.4738
0.8968
2.0307
0.7455
1.2203
0.0536
-0.4865
-0.4915
-0.3675
-0.9213
-0.7685
-1.7273
-0.7892
-0.4574
-0.8267
-0.1194
0.9826
0.3401
2.3184
0.7335
1.1345
0.7168
0.9772
0.0995
-0.0013
0.3755
-1.0271
-0.8141
-0.9882
-0.9174
-0.3324
-0.6934
-0.5611
-0.0083
0.1472
1.0457
1.2286
0.9690
1.3093
1.6441
-0.2739
-0.0178
-1.3961
-0.1145
-0.9809
-0.9751
-0.2961
-1.2159
0.2227
-0.9224
0.4553
0.2813
0.4827
1.0304
1.3116
0.2042
1.6874
0.3893
0.4023
0.1403
-0.9147
0.4293
-0.6890
-0.5562
-0.7525
-0.0122
-0.9304
0.3260
0.5254
0.1638
0.8223
1.0160
1.3230
0.6801
1.4629
-0.0950
0.5551
-0.3738
-0.1343
-1.1337
0.0589
-0.6312
-0.0934
-1.0357
-0.2788
-0.0308
0.2500
0.7414
0.8209
1.0825
1.5590
0.4728
0.2374
1.2612
0.0986
-0.5878
-0.7122
-1.3621
-0.8718
-0.9897
-0.5090
0.2195
0.0076
0.1434
1.3707
1.2227
1.9913
1.3375
1.0952
-0.4287
-1.2027
0.3044
-1.4895
-1.0937
-0.7392
-1.0866
-0.4711
-0.7041
-1.4731
0.5177
0.0314
0.0636
1.9041
0.8688
0.6732
0.6335
0.9172
0.2760
-0.0083
-0.1913
-1.4726
-0.8908
-0.9235
-0.2794
-0.3370
-0.8438
-0.1969
-0.0424
1.1879
0.7323
1.4990
0.8872
-0.4075
1.5784
0.3334
0.2680
-0.4177
0.1692
-0.8043
-0.3285
-0.6513
-1.0664
-1.2353
-0.9122
-0.1439
0.1588
0.1531
0.8484
1.6829
0.5726
1.2289
0.0661
0.0787
0.7980
0.0366
-0.6770
-0.9253
-1.2115
-1.1891
-0.5986
-0.5828
-0.4834
0.6995
0.5472
0.5617
0.2626
0.5464
1.1053
0.1699
0.5606
0.5135
-0.7183
-0.6116
-0.3699
-1.0552
-1.4195
-0.9081
-0.3860
0.1954
1.0644
0.1855
0.2215
1.6838
1.3410
0.8971
1.4024
1.3734
-0.2475
-1.1983
-0.8815
-0.9711
-0.6163
-0.2414
-1.2059
-0.7745
-0.2125
-0.7739
0.4136
0.7983
1.0900
1.6236
0.4012
0.7300
0.1403
0.1585
-0.5284
-0.9860
0.0988
-0.9665
-1.5251
-1.2989
-1.2705
-0.2270
-0.0929
-0.0873
0.6631
-0.3079
1.7541
0.9700
1.0567
0.3325
-0.6093
1.0505
-0.0702
-0.0997
-1.3763
-0.7558
-1.7282
-0.9463
-0.8154
-0.2937
-0.0313
0.3723
1.2575
0.6707
1.2154
-0.2988
0.5296
1.1537
-0.3562
-0.5266
-0.4746
-0.2906
-0.8882
-1.4845
-1.3769
0.3069
-0.9220
-0.8328
0.3198
-0.1642
0.7651
0.6048
0.4843
0.7699
0.1493
0.0849
-0.2121
0.6307
-0.8220
-0.5252
-1.4574
-0.1395
-0.7166
-0.2849
-0.3389
-0.2045
0.3067
1.1744
0.5715
0.9400
1.1258
0.2240
1.0943
-0.0294
-0.2017
-0.6682
-0.2421
-1.2879
-1.8743
-0.0415
-0.9519
-0.3479
-0.2868
0.1902
0.5924
1.2372
0.9872
1.0245
1.0957
0.7260
0.9911
-0.5649
-0.1797
-1.1642
-0.1895
-0.7969
-1.1071
-0.4431
-0.5320
-0.0052
0.0831
0.5333
0.9057
0.3570
0.6024
1.5739
0.9163
-0.1127
0.5615
-0.4781
-1.0632
-0.6147
-1.6644
-1.1063
-1.1168
-1.2669
-0.6881
0.6730
0.5486
0.3541
1.4351
0.7375
-0.0632
1.0215
0.4337
0.3320
-0.1241
-0.7063
-0.6686
-1.3072
-1.2467
-0.8902
-0.5600
0.2263
-0.1714
0.0520
0.0339
0.3699
0.5649
0.9089
0.6561
0.8489
-0.0393
-0.3422
-0.7865
-1.2352
-0.5868
-1.8014
0.0012
-0.8000
-0.3218
-0.4246
0.3892
1.2645
1.0341
0.9027
0.4479
1.1229
0.4377
-0.1154
-0.1107
-0.9262
-0.4659
-1.1316
-0.1452
-1.3357
-1.2815
-0.4827
-0.1352
1.3102
-0.0365
1.2199
0.9996
1.0582
0.9357
-0.6648
0.1525
0.2410
-0.3327
-0.1019
-0.6221
-0.8956
-0.3918
-1.3124
-0.4204
-0.1846
-0.0586
0.9252
0.7676
1.7145
1.0589
1.6302
0.8436
0.3532
0.0475
0.3240
-0.4930
0.1544
-1.0468
-1.1720
-0.9603
-0.7883
-1.2212
0.5132
0.0027
0.9616
1.3505
0.1075
1.1682
0.6577
0.1611
0.1091
-0.2354
0.7105
-0.8385
-0.0795
-0.8576
-1.8970
-0.3308
-0.3383
0.2012
-0.0273
-0.0712
-0.3602
0.3321
1.9098
0.6704
1.3118
-0.3487
-0.0112
-0.4900
-0.8005
-1.8488
-1.1267
-0.8356
-1.5149
-0.1498
-0.2418
-1.2094
0.3493
0.9734
1.1994
0.5563
1.3986
1.5081
0.2393
0.8986
-0.2181
0.1662
-0.0971
-1.3299
-0.2026
-0.8152
-0.9704
0.3480
-1.0942
-0.3439
0.5784
-0.9941
1.3931
1.7387
0.6840
0.5818
-0.1712
0.3120
-0.1429
-0.6217
-1.2069
-0.6821
-0.9349
-0.4457
-1.3150
0.3323
-0.1858
1.0476
0.8437
1.3172
1.4613
0.9548
0.2502
0.2286
0.2964
0.5515
-0.3358
-0.0644
-1.1365
-1.5605
-0.5206
-0.4223
0.5715
-0.0966
-0.7042
0.3074
-0.3134
1.2426
0.3167
1.2872
0.1834
0.0487
0.6051
0.0869
-0.5818
-1.0629
-0.1077
-1.3507
-1.8025
-0.8719
-0.1343
-0.4953
0.4807
0.1411
1.5517
0.2845
1.4495
0.9893
0.0435
0.2625
-0.3864
-1.0111
-1.0572
-1.0618
-1.4956
-0.7054
-0.1534
-1.0149
0.7999
0.1721
0.7104
1.3435
1.7458
1.0242
0.9551
-0.2526
0.1749
0.2439
0.0934
-1.6831
-0.8883
-1.0248
-0.2107
-0.2410
-0.6940
-0.5929
0.4355
1.0380
0.8792
1.0126
0.9848
0.6016
-0.1767
1.1100
-0.5825
0.2105
-0.0722
-0.6797
-1.7659
-0.3458
-1.6304
-0.3349
0.2043
0.3169
0.3086
0.4770
1.1841
1.1432
1.3347
0.7106
1.0225
-0.4144
0.2324
-0.8365
-1.1241
-1.4157
-0.7458
-0.2852
-1.3215
-0.2899
0.2654
1.0189
0.5779
1.3211
2.3072
1.9042
0.4354
1.0756
0.6220
0.1680
-0.4971
-1.3094
-1.4760
-0.7191
-1.2993
-0.1209
0.0089
0.0720
0.0056
-0.3820
1.2983
2.4052
0.4468
1.5234
1.4574
0.8510
-0.4133
-0.4847
-0.5627
-1.3601
-0.5044
0.4374
-0.7420
-0.2121
0.3045
0.3965
1.1505
1.1090
1.6748
0.6731
1.9757
0.9872
0.1254
-0.2581
0.3755
-0.3165
-1.3117
-1.1511
-1.4601
-1.1885
-1.5029
-0.1440
0.3064
-0.0925
0.4057
0.3091
0.2988
1.2248
0.1971
0.2717
-0.3751
0.2687
-0.3266
-0.3862
-0.8697
-1.4087
-0.6198
-0.8219
0.3684
0.4126
0.0281
0.3282
1.2072
1.5542
0.7235
1.1565
1.4810
0.3997
-0.0097
-0.2883
0.0037
-0.7001
-0.9840
-0.4946
-0.6631
-0.5286
-0.1672
0.0498
0.9506
0.3105
1.3641
0.8157
1.1065
0.7777
0.5487
-0.3052
-0.3275
-0.2687
-0.3675
-0.5388
-1.4536
0.4123
-1.7911
0.1590
0.1065
0.7742
1.9176
0.5744
0.9914
0.8868
1.5752
0.2788
0.1490
0.5041
-1.1364
-1.4281
-0.3001
-0.7817
-0.9043
-0.5593
-0.2076
-0.5270
0.4390
-0.3317
0.9924
1.0070
1.2191
1.2615
0.6548
0.2530
0.6392
-0.4520
-0.2006
-0.6983
-0.8375
-0.2560
-1.6960
-0.7315
0.2291
0.2482
0.3271
0.6961
1.3474
1.5419
0.2102
1.0425
1.0909
0.6650
0.9718
-1.2389
-1.3362
-0.9887
-1.0432
-1.3100
0.2643
0.1827
0.6127
-0.2117
0.0736
0.8531
0.8246
1.1067
1.1586
1.5605
-1.3585
0.1813
-1.4849
-0.2835
-1.5310
-1.4917
0.4949
-1.2618
-1.5721
-0.6217
0.2461
0.0500
0.8193
1.3349
0.8722
0.9552
-0.2613
1.1487
-0.0107
0.3856
-1.2968
-1.0847
-1.6182
-1.4103
-1.4342
-0.8411
-0.2793
0.0556
1.3063
0.8266
0.6499
2.3390
1.3130
1.0160
0.3090
-0.1283
-0.5364
-0.7560
-1.0441
0.2872
-0.6745
0.1004
-0.6415
-0.6212
0.0130
-1.0796
1.4509
0.9201
-0.1722
1.0660
1.6179
1.2264
-0.2392
0.9145
-0.0716
-1.0508
-1.3299
-0.1511
-0.9558
-1.5244
-0.6008
-0.3621
-0.5961
1.0413
-0.1178
1.3229
1.5236
1.3689
1.0065
0.6466
1.3571
-0.0787
-0.0148
-0.3540
-1.0415
-1.2250
-1.0805
-1.0233
0.1277
0.0255
-0.1508
0.7774
0.3053
1.7510
0.0845
0.1834
1.5840
0.4240
0.3013
-1.0659
-0.8752
-0.8468
-0.8297
-1.5445
0.0282
-0.2126
-0.0302
0.2307
0.1153
1.6423
0.7905
1.7886
0.8774
0.3686
0.3800
0.0784
-0.3659
0.0145
-0.8406
-1.5005
-0.8564
-1.0863
-0.6903
-0.3811
0.4068
-0.2462
-0.0815
1.6462
0.1436
0.9319
0.5214
0.2657
-0.0982
0.3916
-0.8450
-0.3850
-0.4993
0.5397
-0.7212
-0.4312
-0.0592
0.8507
0.4067
1.0031
0.7209
0.4659
0.6531
1.3966
0.7250
0.8931
-0.5068
-0.1429
-1.5480
-0.7816
-1.6537
-0.6771
-1.1171
0.1216
-0.8912
0.9310
0.0195
1.2277
1.8754
0.6931
-0.0347
-0.3209
0.8349
0.1068
-0.5679
0.2855
-1.4248
-0.3843
-0.8278
-0.5878
-0.4938
0.1995
0.3773
0.4528
0.9137
0.7831
0.4765
0.9390
1.7013
0.0174
0.4558
-0.6498
-0.3474
-0.3773
-1.3208
-0.5021
-1.1609
0.0312
-0.0382
-0.3284
0.4274
0.0381
1.2500
0.4460
0.2030
0.6361
0.4624
-0.5116
-0.1284
-0.0751
0.0451
-0.1131
-1.2018
-0.7252
-0.9537
-0.6077
0.3324
0.0823
1.1320
1.5192
1.0960
1.2331
1.9447
1.2510
0.2308
-0.8387
-0.0901
-0.1298
-1.0848
-1.8985
-1.0731
-1.3775
-0.4984
0.5227
0.2513
0.1898
0.7023
0.2579
0.6932
0.8559
1.1095
0.4742
0.3955
-0.4421
0.3396
-0.7019
-0.9957
-1.2426
-0.2507
-0.1575
-1.1887
-0.8186
-0.3561
0.2723
1.3609
1.0470
1.4682
1.2497
0.6402
-0.6506
0.4948
0.2447
-1.2094
-0.7433
-0.7746
-0.5544
-0.5869
-0.9748
-0.3706
-0.6571
0.4352
1.1186
0.8052
1.0178
0.7982
1.3871
0.6035
0.1148
-0.2109
-0.8173
-0.5731
-0.8870
-0.1552
-0.8871
-0.2231
-0.2479
-0.5582
-0.1005
1.1411
1.8213
1.1286
0.6674
0.9426
0.1794
0.1923
-0.8126
0.2132
-1.1619
-1.0309
-1.3516
-1.5866
-0.5763
-0.7321
-0.2077
0.1016
0.5769
0.4549
0.9699
0.7629
0.2276
0.1756
0.2397
0.8344
0.3941
-1.1534
-1.4821
-1.1556
-0.5441
-1.3317
-0.0332
-0.3092
-0.0398
0.7155
0.6691
1.1732
0.7289
0.9747
0.1393
0.0776
0.7518
-0.2845
-0.7090
-1.4326
-0.9693
-0.3511
-0.0384
-0.3826
0.1459
-0.3441
0.9294
0.5292
1.4184
1.6305
0.3216
0.9167
0.8392
0.7808
0.7596
-0.6940
-0.5950
-0.8330
-0.8739
-0.8017
-0.9393
-0.4675
-0.2921
0.6034
0.0687
0.9458
0.6853
0.4289
0.5714
0.7349
-0.4001
0.8975
0.5977
-0.5448
-0.2401
-0.5937
-1.6018
-0.8320
-0.9115
-0.6069
0.1170
0.5461
1.0488
0.3351
0.6931
0.9982
0.0731
0.5837
-0.1877
-0.2833
-0.3218
-0.3841
-1.0668
-1.9196
-1.8290
-0.7598
-0.6676
0.1327
0.6801
1.1024
2.1331
1.1548
1.1028
-0.4554
1.0657
-0.0695
-0.5603
0.6019
-1.1942
-0.9204
-1.3009
-1.5989
-0.5439
-0.8111
-0.4631
-0.2234
-0.6430
-0.5197
1.2890
0.7521
1.0693
1.4392
0.4759
0.5841
-0.0636
-0.1915
-0.4367
-1.7177
-1.1449
-0.4214
-0.8015
0.1293
0.2147
0.2912
1.4521
1.2606
1.1838
0.8426
1.7983
0.5160
-0.2111
-0.6914
-0.0824
-0.6150
-0.5350
-0.5959
-1.6696
-0.7330
-0.6755
-0.6077
0.9892
-0.1557
0.4667
0.7330
0.6782
1.0547
0.6489
0.6182
0.0609
-0.4297
-0.8482
-1.5144
-1.1562
-0.9205
-1.6951
-0.6668
0.0965
0.3930
0.9405
0.0889
0.9776
0.8719
0.1199
-0.6932
0.2088
-0.7707
0.3555
-0.8464
-0.3792
-1.1517
-1.7591
-0.4589
-0.8448
-0.6414
-0.1000
0.8751
0.3556
1.2059
0.3976
0.8171
1.1804
0.5019
-0.2485
-0.4406
-0.5583
-1.2270
-0.1476
-1.2479
-1.4095
-0.1624
-0.9680
-0.3363
0.3081
0.6469
0.6926
0.8284
-0.1386
0.5714
-0.1071
0.4974
-0.3658
-1.2109
-0.8611
-0.1375
-0.9027
-1.1697
-1.4344
-1.1663
-0.0096
0.0429
0.7176
0.5518
1.0203
1.3634
1.2093
0.9910
0.6372
0.1932
0.0822
-0.0919
-1.3000
-0.3843
-0.4139
-1.4903
0.0042
0.6945
-0.5105
0.5237
-0.5646
1.0914
-0.0498
1.7511
1.9704
0.9277
0.3212
0.4065
-1.0182
-1.1992
-0.5709
-0.6614
-0.5700
-0.2428
-1.2762
-0.1053
1.6580
-0.0550
1.9302
1.1683
1.1198
1.6169
1.0864
-0.3043
-0.0422
-0.4359
-0.3252
-1.0361
-1.2237
-0.8720
-0.7274
-0.5189
-0.7174
-0.7072
0.0884
1.1767
0.4886
1.3593
0.2177
0.8598
0.0271
-0.1150
0.6561
-0.8880
-0.0127
-0.8344
-1.2483
-0.8565
-1.3205
-0.0559
-0.3246
0.1647
0.5067
1.3965
1.1804
0.9862
0.6258
1.5013
0.4639
1.0910
-1.4282
-0.4261
-1.0760
-1.7156
-0.9021
-1.4595
-0.1876
-0.0394
-0.7964
0.0354
0.0667
1.1525
0.9790
0.2386
1.5298
1.0517
-0.2041
-0.4594
-1.0761
-0.3612
-0.8209
-0.9169
-1.3558
-0.2070
-0.5782
-0.5413
0.1801
0.0567
0.6782
1.9794
0.7623
1.2854
-0.0025
0.0880
-0.2496
-0.7929
-0.2433
-1.2562
-0.6672
0.1861
-1.5047
-1.1112
-0.6712
0.1984
0.7432
0.8693
1.5473
1.0265
1.1050
0.4949
0.1383
0.1098
-0.6020
-1.2636
-1.0525
-0.4776
-0.0876
-0.7884
-1.0891
-0.9384
0.2488
0.5818
1.4854
0.3525
1.6368
0.7807
1.0999
0.8033
-0.1928
-0.0270
-0.7605
-1.2258
-0.6657
0.1023
-1.0744
-0.5508
-0.0066
0.9875
0.7301
1.3807
2.1152
0.8973
0.7111
0.7835
-0.0942
-0.6429
-0.3207
-1.4368
-1.0617
-1.6778
-1.2419
-0.8857
-0.5102
-0.7638
-0.3310
0.6951
0.6531
0.4926
1.3185
1.2282
1.0354
0.3366
1.4296
-0.3887
-0.0302
-1.1631
-1.0526
-1.1762
-0.0534
-0.9045
-0.7172
-0.2446
0.2258
0.3811
0.5146
1.3696
1.0889
1.6246
1.5166
1.3139
-0.0493
-0.1031
-1.5864
-0.6001
-1.3121
-0.6463
-1.1019
0.2115
0.6669
-0.0880
0.9569
1.0430
0.3897
1.0850
1.0879
1.2425
1.4348
0.4345
-1.2790
0.2403
-1.7257
-0.3154
-1.0709
-0.7635
-0.8122
-1.2400
-0.2154
0.4998
0.0497
1.1413
0.4879
1.8185
1.0888
0.3598
0.0996
-0.1372
-0.8136
-0.7862
-1.1708
-0.7437
-2.0533
-1.6992
0.2001
0.0391
0.5734
1.2363
0.4569
1.4714
0.2213
1.0812
0.2981
0.0429
-1.0345
-0.5885
-0.9259
-0.9198
-0.1730
-0.9881
-1.0338
-0.6597
0.5533
0.1728
-0.1496
0.3977
0.4825
0.3454
1.5628
1.3124
0.0460
0.5165
-0.4674
-0.2872
-1.6547
-1.1944
-0.1119
-1.1084
-1.3435
-0.4490
-0.8403
-0.0574
0.6392
1.8267
0.4637
1.4439
0.7975
0.8665
0.9102
-0.0159
0.1024
-0.4960
-1.1361
-0.4983
-1.7443
-1.6820
-0.9571
-0.6748
-0.5639
-0.3174
0.3325
0.8292
0.9650
1.0996
0.1733
0.9721
-0.7257
0.0245
0.1697
-0.7386
-0.8195
-1.0449
-0.8436
-1.2024
0.6800
