0.6208
0.2683
1.5013
0.4692
0.3630
1.2595
0.4451
-0.2639
-0.8039
-1.1614
-0.3111
-1.6600
-0.7152
-0.6732
-0.3765
0.6013
0.2630
0.1555
1.3586
-0.2999
0.3750
-0.0496
-0.7754
-1.0670
-0.4430
-1.1807
-1.1324
-0.4715
-0.5265
-0.7905
0.9054
0.7444
-0.0992
1.9651
1.4364
0.3627
-0.7099
-0.4188
0.0535
-0.4686
-0.5917
-0.8019
-0.0218
-0.6195
0.7992
0.4433
1.5156
0.7856
0.2542
-0.0358
0.9778
0.0150
-1.1202
-1.0130
-0.2182
-1.1104
-0.6781
-0.3903
0.7006
0.2791
0.6085
0.6982
0.8042
1.1874
-0.3203
-0.3953
-0.6752
-1.8334
-1.7195
-1.5109
-1.1979
0.2854
-0.9626
-0.2235
0.3521
1.0472
1.5333
1.3166
-0.6040
0.2239
-1.0309
-0.3257
-0.8478
-0.9006
-0.8700
-0.5256
-0.3478
0.2382
-0.7958
0.9347
0.8882
1.1080
0.7719
0.2307
0.6841
-1.4153
-1.1111
-0.6496
-1.3234
-0.3225
-0.0567
0.0693
-0.4548
1.3946
1.2114
1.0694
0.5910
0.5736
-0.1357
0.2930
-0.8202
-1.2228
0.4347
-0.5940
0.0143
0.5673
0.0301
1.4085
1.0133
1.0182
0.5864
1.1922
0.3348
-0.2713
0.2608
-0.1755
-0.6836
-0.9061
-1.0708
-1.5607
0.0557
0.4707
0.1081
1.1082
0.9404
0.7503
0.5963
0.8814
-1.2239
-0.2615
-0.3605
-0.0941
-1.6389
-0.6978
-0.2259
0.6752
0.3939
0.9229
0.0570
0.6679
0.6661
0.6753
0.3563
0.0208
-0.7729
-1.2018
-0.9400
0.4302
0.0236
0.3431
-0.2228
1.6152
0.2300
1.6036
0.1973
0.7872
0.2779
0.4346
-0.9506
-0.5990
-0.5135
-0.6284
-0.2977
-0.1904
-0.0472
0.2706
0.3882
0.9422
1.1116
-0.1238
0.3033
0.0260
-0.1273
-0.8999
-1.3051
-0.4209
-1.2871
-0.3481
0.5531
0.0450
0.7364
1.6207
0.5281
-0.2140
1.0537
0.8479
0.1944
-0.4707
-0.4020
-1.2588
-1.4606
-0.4408
0.0649
-0.2688
0.5972
1.3563
0.9581
1.0284
0.5051
-0.0470
0.6360
-0.2084
-1.0347
-0.7923
-1.1690
-0.7743
-0.7621
-0.1540
0.0711
-0.0118
0.8839
0.7640
0.4754
0.1138
-0.3776
-0.2795
-0.3867
-1.0063
-1.2613
-0.4810
-0.5675
-0.2579
-0.2224
1.1713
0.3582
1.6233
1.6044
1.1413
-0.6286
-0.6391
-0.4777
-1.4605
-1.1735
-1.8292
-0.9577
-0.8650
-0.2369
-0.0690
0.3474
0.2914
1.2755
1.2344
0.8807
-0.2532
-1.0375
-1.0732
-1.1325
-2.3925
-1.1715
-0.7304
-0.9933
0.8265
0.2244
1.3342
1.4960
0.2036
0.6485
0.6222
-0.7247
-0.1265
-1.1852
-1.0048
-0.3966
-0.6078
-1.0520
0.2644
1.0108
0.5171
0.4138
0.5227
0.7071
0.5799
0.1247
0.6117
-0.7399
-1.7073
-0.3075
-1.5588
-0.0667
0.2833
-0.7435
0.9495
0.2676
1.0869
1.5689
0.0653
-0.0527
-0.1900
-0.9575
-0.9613
-1.4893
-0.0632
-0.5426
-0.2277
-0.2196
0.0085
0.7746
1.1344
1.1984
0.9638
0.5421
-0.3377
-0.3735
-0.7693
-1.0809
-0.4075
-0.8044
-0.2066
-0.8097
0.7257
0.2229
1.1893
0.6219
0.2644
0.3564
-0.5070
-0.2810
-0.5341
-0.4153
-1.3770
-0.4381
-2.0412
0.5984
-0.5926
0.4797
1.0434
1.1209
0.8830
0.2017
0.1701
-1.1315
-0.2242
-0.7240
-1.1511
-1.5982
-0.7403
-0.6977
0.3494
0.2473
1.2129
1.2927
-0.0840
0.8712
1.5186
0.0517
-0.3621
-0.9698
0.1292
-0.5108
-1.4009
-0.2261
0.0076
0.2396
0.2283
1.1162
1.1592
0.9065
-0.1449
0.7479
0.2918
-0.0572
-0.8411
-1.1432
-1.2157
-1.6723
-0.4391
0.3960
0.1423
0.0481
0.7791
1.6774
0.6030
0.7494
0.1495
-0.5644
-0.9178
-0.2922
-0.1030
-0.8256
-0.5071
0.3800
-0.3323
0.3295
0.3161
0.7545
0.8258
0.8168
0.4916
0.3294
-0.4358
-0.5446
-0.1446
-0.8366
0.0779
-0.3778
0.1294
0.7219
0.1690
0.7743
1.4376
-0.0050
0.1082
0.3748
0.0135
-0.9938
-1.0385
-2.4588
-0.6859
-0.1745
0.9505
0.3631
0.1086
0.8389
0.9131
0.6758
1.2504
1.5092
0.5887
-0.0706
-1.0242
-1.1858
-1.6215
-1.0540
0.1130
-0.1722
0.6026
1.2647
0.8580
1.6476
0.7740
0.2078
0.7864
0.1786
-0.5945
-0.4771
-0.7273
-0.8747
0.5533
-0.1789
-0.2341
1.3883
1.1487
1.5855
1.3992
0.2197
0.3015
-0.2840
-0.4840
-1.2083
-1.1910
-0.3286
-1.8617
-0.3939
-0.1778
0.7048
0.9079
-0.4230
1.3381
0.4357
0.6514
-0.5259
-0.0383
-1.2161
-0.6223
-0.7242
-0.7445
-1.1264
0.2233
-0.2369
-0.1965
0.7538
-0.2069
0.6474
0.9506
0.3249
-0.7463
-0.2177
-1.0245
-0.7047
-1.0693
-0.6872
0.4887
0.5334
0.4239
1.0526
-0.3402
0.5933
1.1140
0.2368
0.0630
-0.7401
-0.2795
-1.4368
-0.5918
-0.9469
-1.1535
-0.8458
0.5685
0.2746
1.7712
1.5685
1.4844
0.2443
0.5044
-0.3039
-1.5909
-0.7259
-0.0379
-0.8727
-0.3266
-0.3078
0.1560
0.4990
1.4600
2.4586
1.4365
0.5515
0.3835
-0.2227
-0.2173
-1.5423
-0.7348
-0.8332
-0.3125
-0.1125
0.0015
0.8114
-0.9637
0.9338
1.3257
0.5689
0.4456
0.1342
0.9538
-1.0369
-1.0044
-0.8132
-0.3142
-0.7941
-0.0439
0.2059
0.0985
0.4438
0.8841
1.1222
0.6596
1.2974
-0.4724
0.2225
-0.6472
-1.4921
-0.7332
-0.4549
-0.8065
0.0931
0.1174
0.8213
0.6293
1.4777
-0.3299
0.3036
-0.1197
-0.5337
-0.7247
-0.4401
-0.8928
-0.9222
-0.6767
-0.9303
0.1567
0.9184
1.3267
1.5329
0.2597
1.9631
0.0602
-0.0228
-1.0632
-0.0413
-0.8673
-0.9565
-0.6802
-0.4607
-0.7283
0.5160
0.4745
0.8325
1.0072
0.6488
0.1676
-0.2222
0.3504
-0.6988
-0.9173
-1.0513
-1.4347
-1.6256
-1.0011
-0.5500
1.3489
2.0026
0.1250
0.7215
1.1870
0.6424
0.0110
-0.2733
-0.6833
-1.7001
-0.5012
-0.6210
0.0227
0.1364
0.5769
0.7571
1.3224
1.0792
-0.0740
0.0781
0.2005
-1.3189
-0.6452
-1.3128
-0.1991
-0.4682
-0.8411
-0.7504
0.7079
0.5791
1.3004
0.4471
1.3837
-0.0031
0.5102
-0.2227
-0.1698
-0.7364
-0.4238
-0.8573
-0.7762
0.8968
0.0540
1.1503
0.6760
1.1525
1.2270
1.2445
0.7725
0.5082
0.2246
-1.1673
-1.4078
-1.4397
-1.3597
-0.9650
-0.9184
-0.2588
0.8390
0.7339
1.1810
0.8344
0.0614
1.6077
0.0932
0.1855
-0.3634
-1.3100
-2.0384
-0.9185
-0.2116
-0.1891
0.3376
0.3794
0.5984
1.9775
1.4652
-0.2689
0.2172
-0.5424
-1.0508
-0.8254
-1.3720
-1.5720
-0.2138
-0.3700
-0.0733
0.8003
0.9287
0.7679
2.0557
0.6556
0.6398
-0.5011
-0.7000
-1.0477
-0.5018
-0.6051
-0.0294
-0.8366
0.8797
0.3516
0.5279
0.9539
1.7642
1.0586
-0.4126
-0.7068
0.2229
-0.9361
-1.0723
-0.8203
-0.1812
-0.6313
0.5852
0.2223
0.3034
1.0445
0.0967
0.9893
0.3852
0.3087
-0.0865
-0.3033
-1.0757
-0.8177
-0.9742
-1.2515
-0.1497
-0.8255
0.9356
0.2358
0.4130
0.0961
0.0969
0.7694
0.0499
-0.7451
-1.3879
-0.6979
-0.9433
-1.3427
-0.8895
-0.0736
-0.0628
-0.1029
1.2605
2.2549
1.1072
0.8943
0.7668
0.3531
-0.2436
0.1312
-0.2739
-0.8131
-1.1894
0.1792
0.0836
1.1270
2.0278
1.3162
1.2440
0.4699
0.0920
0.1388
-0.9212
-0.8648
-1.2907
-1.3460
-0.8666
-0.4560
-0.7374
0.2562
0.4911
1.5396
1.2786
1.2202
0.7721
0.1132
-0.3286
-0.8068
-1.1461
-0.1731
-0.5632
-0.6068
0.1710
-0.7426
1.0097
0.9881
1.7915
0.9672
1.2642
-0.3703
-0.0276
-0.1383
-1.0226
-0.8573
-1.9194
-0.6868
-0.0858
-0.4938
0.3914
-0.1699
1.1842
0.3293
-0.1530
0.8042
0.2733
-0.9660
0.6459
-0.4528
-1.1440
-1.1442
0.2890
0.0270
-0.1748
0.7540
0.8549
0.8136
1.9206
0.9357
0.2079
0.0745
-0.8121
-1.4388
-1.4461
-1.0142
-0.8014
0.0808
-0.0398
0.7567
0.0669
0.8664
1.5957
0.8266
0.6368
0.2745
-0.2269
-0.7722
-1.3185
-0.9469
-1.5339
0.2373
-1.1076
-0.2509
0.7817
0.0549
1.0930
-0.0053
0.3349
0.1822
-1.0288
-0.1379
0.0671
-1.0840
-1.1754
-0.8077
-0.3352
-0.3329
0.3536
0.3850
1.4869
1.4305
0.7092
0.6423
0.8939
-0.8225
-0.4779
-0.5557
0.4191
-1.6030
-0.8408
-0.9152
0.5147
0.7533
0.3936
1.2886
0.9934
0.3164
0.9036
-0.2213
-1.6164
-0.9763
-0.3773
-1.2295
-0.3505
-0.6931
0.1353
-0.1855
-0.0061
0.8019
0.1797
0.8111
0.2582
-0.0357
-0.0485
0.2815
-1.1134
-1.1346
-1.2365
-1.5694
0.5481
0.4257
0.4197
0.9567
1.2333
0.7049
0.2578
1.0449
-0.7912
-1.1087
-1.1657
-0.6981
-0.7062
-0.7534
-0.8549
0.0821
-0.3915
0.5450
0.9885
0.8507
0.6707
0.3421
-0.8546
-0.2413
-1.1939
-1.0412
-0.5158
-1.1071
-0.2331
0.1464
0.5945
0.5458
0.7612
1.2765
0.1470
0.4635
0.5178
0.1328
-1.4105
-1.0529
-0.5178
-0.5227
-0.9817
-0.2356
-0.2353
0.6310
1.0875
1.2948
0.5423
1.0835
1.7189
-0.5226
0.5244
-0.9858
-0.7142
-1.0477
-1.2531
-0.3264
-0.4956
0.5205
1.3626
1.6591
0.1228
-0.0226
0.6857
1.2287
-0.0179
-0.7897
-0.8824
-0.5147
-1.3888
-0.0325
0.7600
-0.5388
-0.5485
0.4905
1.3972
0.8284
0.9562
0.2903
-0.3954
0.0137
-0.7708
-0.1453
-1.5446
-1.4516
-0.7634
0.0219
1.4765
0.2502
1.1125
1.3591
1.0647
0.4324
0.5354
-0.3310
-1.2700
0.2166
-0.5897
-0.9118
-0.8936
-0.2558
-0.8804
0.6751
0.7760
0.9535
0.7329
1.2526
0.4424
0.4993
-0.6952
-0.4048
-1.3365
-0.4643
-1.0519
-0.5018
-0.0419
0.3568
1.4064
0.0507
1.1490
0.5641
0.1567
-0.3234
-0.5954
-1.3959
-1.1315
-0.9274
-0.7168
-0.9190
0.0524
0.0884
0.3161
1.4499
0.8472
-0.2939
-0.4171
0.1649
-0.6304
-0.5038
-0.3830
-1.1715
-1.4416
-0.7606
-0.6412
-0.2378
0.7634
0.4561
0.9769
0.9507
0.6432
1.3961
0.2221
-0.0957
-0.9386
-1.2909
-0.1283
-0.8052
-0.7978
0.3237
0.5607
-0.4082
1.3981
0.2859
0.8437
0.7530
0.2495
0.5577
-1.0558
-0.3907
-0.3687
-0.6326
-1.1625
0.3986
-0.2555
0.6053
2.4460
1.5754
1.5096
0.1536
-0.4016
-0.8806
-0.3622
-1.4070
-0.5959
-0.5110
-1.5741
-1.1644
-0.6312
0.0433
1.2199
0.4442
0.2502
0.5075
2.3524
0.0477
0.9907
-0.2119
-0.6797
-0.6421
-2.1394
-1.0115
0.6190
0.4836
0.5978
0.3545
2.0585
1.6190
1.2612
0.4449
-0.2170
-0.4144
-0.3330
-0.8402
-0.1616
-0.8614
0.0905
-1.2700
1.0528
1.0411
0.4394
1.4093
0.0622
0.9738
1.0293
-0.0807
-0.3220
-1.1016
-0.9323
-1.3286
-0.7173
-0.4288
0.0414
1.1367
0.3180
1.3837
1.6494
1.0039
-0.0602
-0.3288
-0.3766
-0.8274
-0.4265
-1.5772
-0.7726
-0.0567
0.6322
-0.1042
1.9170
1.2935
0.0986
0.6627
0.1966
0.5193
-0.6422
-0.3337
-0.3664
-1.1146
-0.9857
-0.2451
0.3783
0.0546
0.6585
1.2120
0.9470
0.5129
1.0195
0.5122
-0.6995
0.0928
-1.2540
-0.9698
-0.0387
-0.2934
-0.9773
-0.4733
0.4244
1.0615
1.1470
1.5347
1.5572
0.7740
0.5358
0.1985
-0.1761
-1.3415
-0.8547
-0.8056
-0.3677
0.0487
-0.3251
0.2733
0.7555
1.4524
0.7744
1.0597
0.5864
-0.3906
-1.3504
0.1312
-1.3163
-0.9468
-0.2811
-0.7807
-0.4846
-0.5011
0.7400
1.5582
1.6403
0.7062
1.1729
0.6490
-0.1578
-0.8218
-1.1294
-1.3404
-0.3199
-0.7484
-0.5792
0.3463
0.3321
1.0299
1.2773
1.7731
1.5129
-0.5173
-1.0950
-0.8754
-1.2015
-1.0175
-1.4873
-0.3767
-1.0714
-1.2804
-0.3780
-0.0402
0.4154
1.4212
0.9444
0.1523
-0.4120
-0.4043
-0.0606
-0.7589
-0.6355
-1.3957
-0.2576
0.0741
0.0956
0.6761
1.0095
1.4145
0.4802
1.0795
0.1484
0.2081
-0.7385
0.1719
-0.2799
-1.1893
-1.3431
-0.3109
0.4060
0.4057
1.1964
1.4603
2.0576
1.2972
0.2150
0.2685
-0.4788
-1.1957
-1.2197
-0.5013
-1.4830
0.2317
-0.1382
-0.1048
0.6221
1.5158
1.1921
1.6952
0.3112
-0.4052
-0.6791
-0.5712
-0.4837
-1.8119
-0.7465
-0.8706
-0.3715
0.1545
0.9837
0.1379
1.4629
0.4676
1.3014
-0.5548
0.6520
0.0581
-0.5334
-0.6641
-0.7131
-0.3367
-1.2680
-0.3885
0.2724
0.0911
0.6777
0.7139
0.2071
0.4415
-0.1631
-0.1634
-0.6724
0.2568
0.0513
-1.5728
-0.5654
-1.0138
0.4568
-0.0508
0.7813
0.4577
0.2914
1.1217
1.9441
-0.2839
-0.4285
-0.6771
0.2442
-1.1494
-1.4563
0.3976
-0.6600
-0.1204
-0.5832
1.2750
0.2111
1.0174
0.6925
0.5357
-0.5566
-1.1996
-0.7595
-0.8210
-1.6352
-1.3651
-0.6374
-0.1324
0.9071
1.7840
2.0012
1.0061
0.9169
-0.0737
-0.0695
-0.0198
-1.1234
-0.2585
-0.7345
-0.5326
-1.0908
-0.0805
1.0192
0.5048
0.7306
0.6683
0.9255
0.0351
-0.9656
-0.3224
-0.9101
-0.8847
-1.3035
-1.0213
-0.3751
-1.0653
0.7409
0.2922
1.0507
1.0773
0.9531
0.8711
0.2535
0.4375
-1.0198
-1.1297
-0.7493
-0.7795
-0.3718
-0.6882
1.2166
-1.0491
-0.0725
1.1572
1.9354
0.7784
0.6921
0.6631
-0.2011
-0.4656
-0.6777
-1.0184
-0.7652
-0.7101
-0.2233
0.1810
0.2417
-0.1176
0.4509
0.4773
0.3608
1.3805
0.3802
0.3656
-0.8696
-1.5230
-0.6880
-1.2101
-0.4266
-1.0981
0.6472
0.8565
0.3519
0.3608
0.0499
0.7831
0.6170
-0.0507
-1.5026
-0.7375
-1.3825
-1.0042
-0.3321
-1.0901
-0.1428
1.0326
0.7646
0.4636
0.2559
0.0809
-0.2731
0.4267
-0.6537
-0.6963
-1.2761
-1.4353
-1.6158
-0.0474
-0.2876
-0.3428
1.7042
0.9514
-0.3004
1.4161
0.7233
0.9227
0.0415
-0.0146
-1.3212
-1.1356
-1.4585
-0.7650
0.4421
-0.6935
0.3578
1.2668
0.2852
1.6050
0.3783
-0.1030
0.0632
-0.4682
-0.5978
-1.6501
-0.9492
0.2279
-0.7743
0.2129
1.0019
1.2971
1.3370
1.2706
0.9043
1.3702
0.7538
-0.4539
-1.0561
-1.0204
-1.0032
-0.4005
0.2206
0.8663
-0.2297
-0.5693
1.3569
1.6251
0.9512
0.2386
0.1778
-0.7485
-0.2327
-1.1505
-1.4011
-0.0939
-0.6772
-1.3951
0.3572
-1.1512
0.8960
0.2682
1.2598
1.0098
1.5020
0.7859
-0.3994
-1.2067
-0.9417
-0.1792
0.0205
-0.0836
-0.4846
-0.4854
0.4768
0.6388
0.9547
-0.4940
0.2466
0.1876
0.5728
-0.6800
-0.4376
-0.0725
-0.6836
-0.5563
-0.9134
-0.8142
0.3656
0.8740
0.6989
1.2921
0.8862
1.2581
0.5902
0.0568
0.2393
-1.4825
-0.5912
-0.6076
-0.4955
-0.0334
-0.4301
0.8497
0.1905
1.4457
1.5625
0.8791
0.5546
0.2995
0.0712
-0.0812
-0.1485
-1.4990
-0.7596
-0.0919
0.6725
0.9865
-0.0327
1.0847
1.1724
0.6940
1.1892
-0.1548
0.0219
0.7129
-0.6249
-0.5693
-0.7642
-0.2622
-0.4039
0.6954
1.4116
0.9528
1.3014
0.8710
-0.0312
0.7956
-0.2491
-0.3032
-0.9476
-1.1667
-0.6768
-0.3256
-1.0769
0.0499
0.5580
1.2857
0.6398
1.9173
1.0352
0.9416
0.5026
-1.0819
-0.3657
-0.6559
0.0835
-0.2620
-0.7192
-0.4772
0.4087
0.2483
0.4020
1.3287
0.4806
1.0631
1.3458
-0.1023
-0.6282
-1.8386
-0.9026
-1.1528
-1.1594
-0.5414
0.1545
0.1757
1.3728
-0.0767
1.2948
0.2743
-0.5006
0.5393
-0.0655
-1.6731
-0.5214
-1.6840
-0.2336
-0.2379
-0.9464
0.6863
0.5554
1.1068
1.0609
1.4520
1.0322
0.6995
-0.5197
-0.0978
-0.4489
-1.2645
-0.6072
-0.0156
-0.1626
0.4810
1.3387
-0.1712
0.7675
1.0168
0.7562
1.1057
0.1908
-0.8363
-0.3550
-0.2095
-1.4531
-1.3959
-1.6758
0.1671
0.1845
1.3498
0.8563
1.3729
0.4701
-0.0184
0.7202
-1.0971
-0.9466
-1.1351
-0.8628
-2.3453
-0.1329
0.4108
0.0746
-0.2132
0.9290
0.5306
0.2003
1.5319
1.2576
0.1344
-0.4931
-0.8790
-0.5383
-1.3192
-0.9596
-0.8068
0.1174
-0.1797
0.0219
1.5626
1.1146
-0.0568
0.5323
0.2138
0.0409
-1.1376
-0.2705
-1.1657
-0.6702
-1.4028
0.1753
0.1356
0.3164
2.0925
1.2036
0.2467
0.0078
0.7116
0.1921
0.3810
-0.5436
-1.4327
-0.5579
-0.4312
-1.4530
-1.1137
-0.3533
1.6026
1.1573
0.2866
0.5118
0.8064
-0.5067
-0.7701
0.2764
-0.3362
-1.1907
-0.4966
-0.3528
-0.5496
-0.1010
0.7315
0.7992
1.1197
0.8880
1.0319
0.0683
-0.2093
-0.4193
-0.5618
-0.3775
-1.9013
-0.1828
0.8776
0.3834
0.1418
0.2123
0.9696
0.6354
-0.0224
0.5037
0.1201
-0.5326
0.0837
-0.8909
-0.9267
-1.3174
-1.1351
-0.1455
0.4388
0.8752
0.6642
1.3015
0.6968
0.8463
-0.2524
-0.5293
0.1900
-1.4540
-0.8077
-1.3114
-0.7682
-1.0075
0.0034
0.8504
1.2309
1.4258
1.7586
1.5480
0.4585
-0.0220
0.0262
-0.2347
-1.4399
-1.1903
-0.6153
-1.1631
-0.1092
0.1203
0.2256
1.1493
2.6068
1.0316
0.9243
0.8627
-0.4013
-0.8348
-0.1969
-0.4713
-0.7149
-0.6472
0.7148
0.0244
0.9495
1.0219
0.8175
0.6656
0.2503
-0.2023
0.0866
-0.4328
0.5327
-1.6183
-0.8806
-1.5374
-0.3384
-0.8988
1.0397
0.3042
0.5502
1.2545
0.8183
0.6583
0.1874
-0.1111
-0.7128
-0.3639
-1.1615
-1.4004
-1.9011
-0.2258
0.0527
-0.9866
1.0355
0.6867
0.0798
0.1347
-0.6723
-0.1984
-0.1151
-0.8809
0.0099
-0.0383
-0.8292
0.2619
-0.3198
-0.8230
0.8549
0.2915
0.2751
0.6078
0.2464
-0.4735
-0.4408
-0.9825
-1.3183
-1.8254
-0.7081
-1.1051
0.5094
-0.6073
0.4049
0.8759
0.9695
1.3081
1.0070
0.6862
0.7495
-0.7607
-1.0456
-1.1174
-0.7271
-0.3205
-0.6620
-0.0927
0.4353
0.7117
0.8693
0.3609
-0.4422
-0.0861
0.1128
0.5984
-0.6520
-1.7391
-0.4946
-0.9779
-0.4903
-0.2281
-0.6771
0.8005
0.1881
1.1299
0.9339
0.8765
0.5870
-0.0333
-0.7054
-1.4862
-1.2991
-0.9487
-0.8560
-0.1694
0.1610
0.2032
1.4347
0.2970
0.9446
0.5602
0.8492
-0.5236
0.1722
-0.0508
-0.5030
-1.8154
-1.2596
0.1136
-0.3999
0.1457
1.5505
0.8515
0.9646
1.4072
0.3399
0.3584
-0.0000
-1.3452
-0.9906
-1.5064
-0.3298
-0.4182
-1.3769
-0.1514
0.3695
0.6224
0.3759
-0.1703
1.4664
0.3968
-0.2874
0.1342
-0.8555
-1.3900
-0.2666
-1.6922
-0.2420
0.0112
0.5674
1.4319
1.8920
1.6951
0.9913
0.7968
0.4293
-1.0375
-0.9722
-0.4647
-0.9230
-0.9829
-0.3225
-0.4703
-0.2788
0.8339
0.7287
0.9449
1.3159
-0.1155
0.3413
1.0624
-0.6995
-1.7658
-1.2605
-1.3702
-1.4613
-0.8346
-0.0932
-0.1831
0.3169
0.4720
1.0161
-0.2383
0.6404
-0.2272
-0.2381
-0.9740
-0.7187
-0.9462
-1.3965
-1.3503
0.1387
-0.0313
0.5018
1.1593
0.9236
1.0220
0.4808
0.9553
-0.3814
-0.4801
-1.0742
-0.7981
-0.8699
-0.7677
-0.1014
0.2922
-0.1362
1.1282
0.5550
0.8328
1.8066
-0.1285
0.3151
0.4460
-0.2215
-0.5123
-1.2282
-0.4202
-0.8850
-0.7865
0.1591
-0.1034
0.7306
-0.3824
1.2222
-0.4287
0.9501
0.5684
-1.3534
-0.1846
-1.5611
-0.9618
-1.6672
-0.4017
0.5066
-0.0744
0.8042
0.7389
1.1515
0.4656
0.6275
0.6941
0.4392
-0.0334
-0.2092
-1.0914
-1.5248
-0.2308
-0.0189
0.5100
0.9815
1.2752
0.3243
0.3463
1.0646
0.8627
0.6559
-0.4145
-0.5326
-0.3945
-0.4782
-0.5632
-0.3966
-0.1309
0.6130
0.3590
0.9272
1.3871
1.1567
0.5803
0.5182
-0.2116
-1.1884
-0.9017
-1.2727
-1.3649
-1.4564
-0.6267
0.6209
-0.2182
1.6606
1.6003
1.6163
0.6936
-0.0315
0.6864
-0.6265
-0.6071
-0.5805
-1.1582
-1.1707
-0.5995
-0.0200
-0.3498
0.1630
0.0811
1.0575
0.6005
1.4160
-0.6808
-0.2270
-1.1125
-0.5836
-1.0691
-0.7552
-0.5169
-0.0520
-0.5524
0.3429
1.1392
1.9978
1.2223
-0.0335
0.8038
0.1301
-0.0754
-0.5232
-1.0250
-0.6387
-0.3738
-0.5183
0.8623
0.9516
0.9334
0.8373
1.2920
0.5955
1.2570
0.8580
-0.4235
-0.7791
-1.8034
-1.0713
-0.8852
-0.7378
0.3013
-0.0215
1.6057
0.3277
0.5806
0.9865
0.7684
0.5030
-0.8323
-1.1539
-0.7540
-1.4545
-0.0930
-0.9213
-1.0059
0.3125
0.6678
0.8916
1.9534
0.7489
0.6228
0.3870
1.0929
0.0282
-0.5924
-0.3457
-0.8915
-0.9508
-0.8894
-0.2393
-0.6119
0.8295
0.4733
1.7537
0.3358
1.0962
-0.0933
0.4297
-0.4803
-0.4188
-1.1703
-0.7464
-0.3941
0.1099
0.4023
0.7267
0.6056
0.7672
0.4984
0.4482
1.4094
-0.5681
-0.3218
-1.1949
-0.1911
-1.0706
-1.0204
-0.9017
-0.4945
0.0397
0.4610
1.0339
0.2246
0.4482
0.5455
0.1837
0.6419
-0.5515
-0.8773
-2.0739
-0.4974
-1.3163
-1.4760
0.2511
0.7886
-0.0263
0.5909
1.7124
0.9421
1.3376
0.3077
-0.1336
-0.3524
-0.6877
-0.9797
-1.2717
-0.6804
0.1649
0.3299
0.8503
0.8824
1.3880
1.0139
1.2119
0.4242
0.1787
-0.5773
-1.5737
-1.3261
-0.3078
-0.5525
-0.2221
0.4462
1.8701
1.0509
0.5090
0.4859
0.1851
1.2088
0.4962
-0.6560
-0.7200
-0.3134
-0.6651
-0.5995
-0.0540
0.0726
0.5826
0.4618
0.4490
1.1784
1.2682
0.7481
0.0361
-0.3672
-1.6763
-1.5698
-0.8133
-1.0068
-1.2920
-0.2511
-0.4384
0.4825
0.2110
0.1459
0.4433
0.8345
0.8615
-0.0248
-0.3771
-0.7918
-1.6947
-0.4681
-1.8088
0.0349
-0.0506
-0.3044
0.6467
1.2089
0.1054
0.4169
0.3468
-0.1639
-0.9877
-0.5478
-0.2638
-0.9257
-1.3374
-0.4326
0.3864
-0.3825
0.2030
0.4734
1.0279
1.0978
-0.1654
0.8271
-0.0420
-0.7852
-1.2593
-0.7912
-1.4373
-0.4085
-1.3426
0.7189
0.1931
0.3311
0.5079
1.0078
0.3447
0.3254
-0.2103
-0.8117
-1.0583
-0.5852
-0.3674
-0.4013
-0.2926
-0.3489
-0.0927
0.9378
1.2943
1.1866
1.5394
1.5021
1.4991
-0.8575
-0.5231
-1.5953
-1.0539
-0.9728
-1.0807
-0.4150
-0.6223
0.4610
0.7757
0.2848
1.9057
0.3875
-0.1188
0.1033
-0.4178
-1.0085
-0.8196
-1.0674
-0.6539
-0.8244
-0.3443
-0.0282
0.7766
1.3220
1.8200
0.9408
1.4481
-0.0176
0.1557
-1.6082
-0.8112
-1.3901
-0.2897
-0.5332
-0.0900
0.3598
1.0105
-0.4268
0.5123
1.8997
1.2578
1.0564
0.1251
0.1675
-0.3193
-1.2526
-0.3663
-0.3481
-0.0852
-0.9348
-0.0436
0.1108
0.5937
0.5848
0.9919
1.1225
0.7304
0.3903
-0.9785
-0.6452
-1.1751
0.0315
-0.6460
-0.8046
-0.8036
0.4585
1.4244
1.4293
0.9776
0.4683
0.8442
0.1309
-0.1976
-1.1986
-1.4987
-0.9109
-0.9703
-0.8695
0.1835
0.0502
1.1487
0.4418
0.1934
0.3864
-0.2172
0.1058
0.2066
0.1137
-0.5586
-1.2146
-0.6723
-0.3381
-0.1291
-0.5495
0.2233
1.1746
1.5743
0.5902
1.2664
1.0347
-0.5655
-0.2628
-1.7939
-0.7581
-0.5781
-0.1843
-1.1792
-0.8185
-0.3792
1.0359
-0.2173
0.7340
1.0423
-0.5490
-0.0941
-0.0033
-0.5827
-0.2003
-0.8693
-0.8226
-0.3269
-1.1031
0.5586
-0.1997
1.0421
1.1204
1.2299
1.0842
-0.0225
-0.3788
0.1402
-0.7223
-0.4776
-1.1101
-0.4972
-0.9888
-1.4304
0.1937
0.7257
1.3906
0.4357
1.6035
0.0253
1.1095
-1.0086
-0.7133
-0.7000
-0.7156
-1.3655
-0.9690
-0.3924
0.6259
0.7476
0.2816
0.6864
1.5648
0.6563
0.4900
-0.7351
-0.3185
-1.2923
-0.5605
-1.1832
-1.2610
-0.1550
0.4923
0.1091
0.7117
0.1919
1.1184
2.5257
1.2442
-0.0849
0.3749
-0.2945
-1.3721
-0.8662
-1.1347
0.1058
-1.5461
-0.2410
0.4515
0.9116
0.8582
0.9244
0.9115
-0.1683
-0.6012
-0.3541
-0.3194
-0.7241
-1.0590
-0.6710
-0.8925
0.2722
0.4565
0.9821
1.5671
0.7150
-0.0888
0.0670
0.1671
0.6882
-0.3710
-0.9414
0.0966
-0.8154
-0.5783
-1.6634
0.6454
1.2414
1.0562
1.6291
1.6203
0.3825
0.1838
0.4252
-0.3739
-0.6693
-1.5671
-0.9706
-0.6387
-0.5903
0.1538
0.9290
1.1667
0.0751
1.4171
-0.0446
0.2895
0.6704
0.0852
-0.7772
-1.7600
-0.4065
-1.7704
-0.7589
-0.4914
-0.1379
0.8993
1.5845
1.6135
0.7211
0.7853
0.9030
-0.0743
-0.0022
-0.6684
-0.8571
-0.3572
-1.9137
-0.7337
0.3427
-0.4192
0.5457
1.1476
0.1983
1.2482
0.6543
0.1992
0.6314
0.0808
-1.2745
-1.3243
-0.9386
-0.7557
0.0278
-0.1685
0.4596
1.3540
1.4404
0.7406
-0.0947
-0.3274
0.1772
0.4583
-0.0871
-0.6906
-1.2508
-1.1253
-0.3442
0.1001
-0.5352
0.6253
1.7508
2.2350
0.4078
1.3792
-0.6659
-0.2836
-0.8313
-1.2377
-0.7233
-0.3179
-0.7627
-0.4916
-0.2185
0.5756
0.5802
1.1549
0.7725
0.5724
-0.9568
0.3962
-1.3690
-0.4389
-1.0866
-2.4914
-0.3997
0.1430
0.6278
0.3246
0.1880
0.5782
-0.4768
-0.0635
0.6858
0.1272
-0.2163
-1.2288
-1.3860
-2.1349
-1.3778
-0.6765
-0.4704
0.3871
-0.1505
0.5944
0.4766
0.2041
0.5980
0.6379
-0.5069
-0.2656
-0.3834
-1.7157
-1.0990
-0.8406
-0.3685
-0.9758
1.1250
0.7411
0.3305
0.8351
0.5043
-0.0251
0.3624
-0.4111
-0.8267
-0.9731
-1.0552
-0.2739
-0.6133
-0.5248
0.3089
0.7583
1.4829
0.8074
-0.1014
1.3893
0.2514
0.2369
0.2587
0.0102
-0.7454
-0.5766
-0.1236
-0.2107
-0.1095
0.3680
1.1645
0.7292
0.7702
0.3728
-0.8144
0.6866
-0.1020
-0.9603
-0.1518
-0.5810
-1.6076
-1.2841
0.4208
0.0012
0.7534
0.3089
0.5744
0.5813
0.5029
0.1296
-0.2056
-0.3136
-0.7504
-0.5005
-0.4895
-0.4439
-0.6260
0.1706
0.4801
0.6752
0.6542
0.2687
1.6335
0.7036
-0.1342
0.1155
-1.4840
-0.4299
-1.3817
-0.7871
-0.7197
-0.6706
0.7313
0.4339
0.9352
0.5330
0.8297
-0.1303
-1.3275
0.7870
-0.9565
-0.8784
-1.1059
-1.3602
-0.5887
-0.4694
0.4216
-0.0055
0.9607
1.8138
0.8807
0.5338
0.3392
-0.7133
0.1707
-1.4630
-0.8066
-0.4542
-0.3766
0.4139
-0.3290
0.5103
0.1150
0.8422
1.1455
0.7690
0.7852
0.0568
-0.1104
-0.2374
-1.1121
-0.9471
-1.0284
-0.2387
0.1807
0.7657
0.3066
1.3924
-0.4460
1.2465
0.8998
0.1348
-0.0552
-0.4345
-0.8927
-1.3510
-1.0822
-1.1279
-0.3713
-0.1216
0.6209
1.0728
0.0429
1.1867
1.3988
0.5809
0.4723
-0.5511
-0.4601
-0.6843
-0.8326
-0.8040
-0.5735
-0.7493
0.0156
0.4331
0.5075
1.6167
1.1067
-0.2032
0.2459
-0.4706
-0.4924
-0.1596
-0.9609
-0.5766
-0.1697
-0.8491
0.4243
0.6024
0.3971
0.0922
0.9894
1.3378
0.0617
-0.1191
0.5302
-1.2219
-0.8745
-1.9254
-1.2989
-1.0125
-0.6447
-0.0250
0.4886
0.3836
0.9150
1.7702
1.3618
-0.5226
-0.1012
0.0588
-1.1290
-1.4225
-1.0072
-0.5217
-0.2262
0.0440
0.4422
0.9632
1.3533
0.9925
1.3609
0.0472
-0.6444
-0.7752
-0.6082
0.0271
-1.7213
-1.5970
-0.0386
-1.3315
0.8816
0.6981
0.9843
0.5135
1.2277
0.4505
-0.2560
0.1501
-0.6811
-0.8696
-0.2740
-0.6941
-0.9315
-0.5422
-0.3360
-0.2030
-0.0076
0.9719
1.3485
0.4250
-0.3400
1.1671
-0.4511
-0.7582
-0.6753
-0.2616
-1.5897
-1.1067
0.3992
0.8099
0.8809
0.3141
0.8467
1.8197
1.1055
-0.0216
-0.4008
0.2064
-1.4499
-0.9735
-1.7252
-1.4402
-0.5634
-0.3047
0.6255
0.8121
0.4188
0.9336
0.3004
0.0775
0.2091
-0.4421
-1.2622
-0.9900
-1.1262
-0.3852
-1.2496
0.5364
-0.1294
0.8017
2.0679
1.1497
1.1516
0.6152
-0.5458
-0.1632
0.0844
-1.2694
-1.3278
-1.0008
-0.5269
0.5531
-0.0143
-0.2015
1.1978
0.3476
0.6427
1.5289
0.3466
-0.3087
-0.2158
-1.4259
-1.6439
-0.6956
-0.6498
-0.7398
0.3333
-0.6778
1.0792
0.6921
0.7571
1.1272
0.9694
0.0548
-0.3169
-0.8390
-0.6723
-0.0482
-0.3885
-0.8636
0.0421
0.5877
0.8330
1.4836
1.0564
1.2065
1.3285
0.4675
0.0352
-0.3752
-0.4858
-1.1189
-0.8357
-0.8244
-0.8526
-0.0443
-0.0835
0.3144
1.0775
1.4042
1.0997
-0.5748
0.3905
0.2279
-0.6450
-0.9490
-0.7927
-1.0017
-0.7019
0.1965
-0.1111
0.5402
-0.3290
0.9926
1.2431
0.6563
0.2693
0.2542
-0.1824
-1.0614
-1.0327
-0.6329
-1.4516
-0.8138
-0.1824
0.1293
1.0276
0.4773
1.6659
1.4824
0.5401
0.1426
0.1320
-0.7062
-1.6314
-0.9939
-0.6383
0.3533
-0.3270
0.4687
0.8572
1.4785
1.4981
0.7343
1.2768
0.3215
-0.5734
-1.0063
-0.5043
-0.6718
-2.1025
-0.6984
-1.1067
0.6359
0.5588
0.5395
0.6230
0.5668
0.6111
0.4260
0.0645
-0.2588
-1.4071
0.3214
-1.4649
-0.8437
-0.9575
-0.0838
0.0584
-0.1353
1.3406
1.9383
0.8107
-0.3403
0.4481
-0.6885
-0.3329
0.1204
-1.2081
-1.4336
-1.5240
-0.6257
0.0910
0.2418
0.7059
0.9329
1.2569
0.8581
1.0751
-0.5339
-0.5888
-0.0855
-1.2665
-0.7707
-1.2215
-0.6547
-0.1732
0.8004
0.2439
1.2746
1.2628
1.4634
0.1477
0.0801
0.0313
-0.0838
-0.0474
-0.7763
-0.3924
-0.5083
-1.6389
-1.0402
0.0011
0.3016
1.3287
1.4553
1.4704
0.4542
0.4698
-0.3687
-0.2931
0.4628
-0.7796
-0.2111
-0.7392
0.0627
0.2848
0.0698
-0.0198
1.1921
0.4026
1.4835
0.4640
0.0971
-0.5575
-1.6554
-1.9264
-1.2299
0.0496
0.1133
0.2274
0.7191
1.2257
1.1603
2.0159
0.6542
0.1515
0.9633
0.0026
-0.7237
-0.6352
-1.0563
-1.6003
0.0267
-1.2941
0.6277
0.4492
0.9673
0.5102
1.0753
1.1314
0.6050
0.1524
0.2808
-0.2888
-0.7401
-1.2701
0.2296
-0.1977
-0.8422
0.7957
0.7642
1.9781
0.3840
0.2225
0.4478
0.8499
0.4767
-0.5146
-1.3643
-0.3388
-0.7720
-0.3928
-0.3013
-0.2815
0.8138
0.8770
1.1491
1.2824
0.5116
-0.5443
0.8446
-1.0763
-0.5965
-1.5315
-0.8558
-1.0766
-1.2675
0.7294
1.0037
0.7422
0.6142
0.7674
0.8494
0.5343
-0.8865
0.2133
-1.5345
-1.1247
-1.3568
-0.2806
-0.6819
0.4894
-0.7437
0.9687
1.1537
0.0957
1.5618
1.3352
-0.2017
-0.4892
-0.7942
-1.2058
-1.1572
-1.3215
-0.7283
-0.9766
0.0369
0.9923
0.1556
0.8102
0.3804
0.5403
1.1626
0.1131
-0.0458
-0.4466
-0.8920
-1.2213
-1.0827
0.7704
-1.0082
0.6379
0.8089
0.5292
0.7944
0.3914
1.0606
0.8178
-0.5623
-0.3480
-1.0979
-1.4627
-0.2349
-0.4158
-0.1965
-0.6738
1.1746
1.4950
0.1564
0.8508
1.1460
-1.1357
-0.6067
0.0194
-1.6008
-1.8038
-1.3449
-0.5975
-0.4738
-0.3856
0.1616
-0.5342
0.6600
1.6467
0.3655
-0.1885
0.2361
-0.1970
-1.1505
-1.7848
-1.1930
-1.4396
-0.3074
-0.6059
0.3187
0.8136
0.9024
1.5364
1.3120
0.9290
0.8645
0.6452
-1.0039
-0.2060
-0.0415
-0.5528
-0.2872
-0.8496
-0.1582
0.4052
0.9914
-0.3575
1.1383
0.7891
0.0031
-0.6851
-0.5093
-0.4688
-0.7908
-0.6685
-1.3595
-0.0294
-0.7891
-0.5824
0.6860
0.4828
0.6230
1.3394
0.2387
0.4204
-0.1444
-0.5473
-1.0176
-0.8720
-0.7964
-0.6878
-0.6239
-0.1870
1.2230
1.2461
1.3976
0.6115
0.3447
0.4527
-0.3252
0.1360
-0.5300
-1.1868
-1.1496
-1.0387
-0.6392
-0.9579
0.1304
-0.0101
0.6786
0.5988
0.9724
1.1927
-0.2158
-0.0555
-0.7451
-1.3558
-1.1207
-0.3054
-0.6767
-0.7157
0.4470
0.8343
0.6778
1.4117
0.2504
0.1498
0.5364
-1.1548
-0.6045
-1.1680
-0.0971
-1.3225
-0.5091
0.7242
0.1012
0.6159
0.4275
0.1594
0.7780
1.7983
0.9230
-0.1744
-0.9243
-0.4827
-1.3091
-1.0480
-0.4525
-0.5326
-0.5898
0.2955
0.5209
0.9727
0.4624
1.1091
1.4120
-0.0596
0.1744
-0.6917
-1.0308
-1.3201
-0.9684
-1.4560
-1.1864
0.8757
0.3443
0.7577
0.8245
0.9263
0.8594
1.1900
-0.4359
-0.4188
-0.3926
-0.4929
-0.7231
-0.1598
-0.6146
-0.6126
-0.3357
0.2767
1.3494
1.2443
1.8746
1.0455
0.0055
-0.1000
-0.4370
-0.7438
-1.8738
-1.0692
-1.0742
-0.7433
0.0959
1.0866
0.6879
0.6237
0.2551
1.6567
0.4928
0.4794
-0.6577
-0.1815
-0.8817
-1.0326
-0.5166
-0.9814
0.2927
-0.6639
0.1713
1.2964
1.2542
1.1031
1.6260
0.3407
-0.0205
0.2064
-0.1669
0.0000
-1.2428
-1.1717
-0.3675
-0.1375
0.5904
1.4660
1.1827
0.9216
0.4150
0.0074
0.5034
-0.2869
-1.3623
-1.1564
-1.1260
-0.0081
-0.8038
-0.6363
0.2538
0.3535
0.4536
1.1583
0.4880
1.3903
-0.4695
0.5027
0.0390
-0.8760
-0.7877
-0.9658
-1.2739
-0.0001
-0.2077
0.5346
1.7336
1.4195
1.0881
1.3473
0.4170
-0.5653
-0.8794
-0.7432
-1.0219
-0.3169
-1.1482
0.4992
-0.5796
1.3656
1.1417
0.7556
1.4376
-0.8285
1.0860
0.3098
0.0818
0.0179
-0.4854
-1.5067
0.0599
-1.0165
-0.0672
0.4756
-0.2399
0.6451
1.3275
0.9507
0.7455
0.3013
-0.9343
-1.0768
-0.2241
-0.5659
-1.2382
-0.4755
-1.4031
-0.0571
0.2876
0.2716
0.7332
1.4137
0.5674
0.2141
-0.3412
-0.4575
-0.8624
-1.1864
-0.8856
-1.2913
-1.0214
-1.2340
0.3875
-0.6197
0.6508
1.9132
0.3798
0.6599
0.5911
0.3475
-0.6518
-0.9831
-0.7752
-0.7501
-0.1873
-0.9321
-0.8003
0.4019
0.4670
0.6704
1.0589
0.5980
1.0206
-0.4576
-0.2900
0.5226
-0.7315
-0.6758
-0.7577
-0.8328
-0.0487
-0.1859
-0.3263
0.9869
0.9989
-0.1377
0.9648
1.1749
-0.2185
0.3981
-0.5985
-2.3151
-1.0994
-0.7015
-0.2208
0.1603
0.8943
1.0128
1.1780
1.1712
0.8767
1.6027
0.1603
-0.6062
-1.5115
-1.1397
-1.6078
-1.0550
-0.1249
-0.4470
0.6524
0.8476
0.8027
0.7093
1.0914
1.6648
0.8738
0.0664
-0.4234
-0.7368
-1.3386
-0.8284
-1.0475
0.1836
-0.8168
0.4843
1.0092
1.2335
0.0501
2.1952
1.1571
0.3856
-0.6497
-0.5551
-1.0203
-0.7209
-0.7252
-0.1082
0.2876
-0.4011
0.6499
-0.3475
1.5716
0.8827
-0.3876
0.3402
0.1604
-0.1413
-1.0445
-1.1771
-0.6303
-1.3717
-1.0387
0.0216
0.1877
0.8598
0.7896
1.9115
1.2658
0.2302
0.3148
-0.1900
-0.6086
-1.3783
-0.6721
-0.5160
-1.0548
-0.8470
-0.5154
0.3250
1.1984
1.3511
1.1060
0.6857
-0.4446
-0.1144
0.3333
0.3379
-1.3290
-0.9935
-0.6832
0.2278
0.7334
0.2819
0.2946
0.7605
-0.0143
0.3012
1.3155
0.1388
-1.7792
-0.7855
-0.3570
-0.5737
-0.8372
-0.6814
0.0454
0.4093
1.5172
0.6873
1.1866
1.1998
0.6088
-0.0987
-0.3784
0.3910
-1.3143
-0.7574
-1.1703
-0.4801
-0.9525
-0.6210
0.3218
0.9754
1.0715
1.2016
1.2505
0.5223
0.3468
-0.6395
-0.9912
-1.7573
-0.7853
-1.0009
-0.8983
0.0767
0.2602
0.5001
1.1389
1.4684
1.1830
0.8212
0.9875
-0.2709
-0.5652
-1.7670
-1.5306
-1.3329
0.2083
-0.3932
-0.5634
1.3593
1.0744
1.0162
1.0278
1.0884
0.6766
-0.0046
-1.0596
-0.1854
-1.1803
-1.3392
-0.3373
-0.3362
-0.9136
0.0152
0.0984
0.6308
1.4349
0.7745
1.5142
0.1731
-0.0994
-1.0394
-1.2287
-0.5695
-0.9695
-0.1502
-0.4391
-1.0660
0.3234
1.6641
0.8450
0.6616
0.6720
0.5556
0.3958
-0.4109
-0.7340
-1.3787
-0.5529
-1.0483
-0.6107
0.8203
1.4900
-0.1863
1.1170
0.9489
1.0054
0.5243
0.0029
-0.5270
-0.7490
-0.6938
-1.0352
-1.5058
-1.2632
0.5166
0.1219
0.8978
0.4759
1.2117
1.4241
1.1903
1.1246
0.5127
0.3443
-0.9976
-0.7554
-0.3409
-1.2993
0.3636
-0.0252
0.2850
0.5345
1.0406
0.9843
0.8083
0.5995
-0.0314
0.7504
-0.0316
-0.8776
-0.6347
-0.8084
-0.3911
0.3751
-0.6030
0.6128
0.7263
1.2083
0.6324
1.3678
0.0318
-0.3481
-0.2628
-1.0153
-0.8781
-0.7042
-1.6331
-0.9838
-0.0239
0.7016
1.2001
0.8037
0.6253
1.5170
1.1115
-0.0440
-1.5642
-1.0135
-1.0331
-1.4379
-1.9109
-0.0828
-1.0559
0.0169
-0.2967
0.7693
2.4522
1.4916
0.8707
-0.3828
0.0505
-0.4878
-0.6423
-0.4010
-1.0428
-1.0464
-0.4877
0.1233
0.5123
0.0273
0.9880
0.8163
1.2007
0.3480
0.5554
-0.0676
-0.6419
0.0646
-1.0531
-1.1781
-1.1646
-0.3606
0.1585
0.4070
0.9193
0.3867
0.9202
0.9270
1.0144
0.0633
-0.4045
-1.0381
-0.9444
-0.8051
-1.2063
0.7974
-0.5760
0.6109
1.0053
1.2680
0.8294
0.0234
-0.1880
0.5087
0.3428
-0.2055
-0.4580
-1.3011
-0.2019
-0.3085
-0.7345
0.8219
0.1439
0.7810
0.7488
1.4808
-0.5120
0.5702
-0.7974
0.4088
-1.0479
-0.4148
-0.8473
-1.1645
0.1465
0.2107
0.5926
0.9086
0.7848
1.7402
0.8806
0.4480
0.1377
-0.0488
-0.2203
-0.9599
-1.0568
-2.1447
0.4819
-0.1609
0.3394
0.9638
1.1670
1.0399
1.3314
0.8363
0.0626
0.0902
-0.7789
-0.4318
-0.1704
-0.1285
-1.2095
-0.5216
0.1046
0.3746
0.8618
1.1758
1.0784
0.4988
0.3841
-0.0385
0.2544
-1.4885
-0.3134
-1.8335
-0.9538
0.0339
-0.4218
-0.1025
0.3731
0.5639
1.0370
0.5113
-0.0830
-0.2705
0.7941
-0.6994
-0.8283
-0.6010
-0.4075
0.2216
-0.1762
0.3771
0.6656
0.3636
2.0067
0.5964
0.9533
-0.0985
-0.7185
-0.3186
-0.5612
-0.6859
-0.6812
0.6424
0.1199
0.3660
0.1208
0.7989
0.3818
1.2907
1.0864
0.5545
1.2676
-0.1061
-1.0617
-0.4290
-1.2977
-1.0570
-0.9741
-0.3506
0.3032
0.4434
1.0234
1.0576
1.1198
0.3484
0.6714
0.4063
-0.1651
-0.2710
-0.5436
-0.3594
-0.9016
-0.3681
-0.4493
0.3825
0.1734
0.7707
1.8010
1.0345
1.1361
-0.8313
-0.4428
-0.7869
-0.1654
-0.2499
-0.8732
-1.6880
-1.0509
0.0301
0.4602
-0.0083
-0.0389
1.7266
0.9469
-0.2478
0.6580
-0.0853
-0.6082
-0.7941
-1.9379
-1.2049
-0.7002
-0.2352
-0.3886
0.7468
-0.0987
0.5057
0.2911
0.4403
1.0499
0.9057
-0.3759
-0.8291
0.0561
-0.7492
-1.5849
-0.0586
-0.0926
0.8209
0.8882
0.0160
1.1873
0.6721
1.1726
0.6061
-1.2389
-1.0892
-1.8532
-0.7252
-1.5233
-0.9464
-0.9519
-0.5179
0.2471
